16 0.160036656512985
32 -0.0278837316176469
48 0.211122600879535
64 0.128510959012155
80 -0.00209300083995418
96 0.0312060466644758
112 0.105473987758285
128 0.0235853885424596
144 0.0465992811327125
160 0.0725821305818038
176 0.0966126936848444
192 0.135476991136427
208 0.128935361978709
224 0.0954090220825038
240 0.0816720184450415
256 0.0516654945860823
272 0.0416493075136551
288 0.0356479726968819
304 0.0260593044238343
320 0.0188410538517776
336 0.00606891503735072
352 0.022842476272231
368 0.174229285250411
384 0.17338837016121
400 0.143874599866444
416 0.137933108891463
432 0.117308270789927
448 0.154004523181304
464 0.128814550375457
480 0.140553722918561
496 0.143545959563697
512 0.0731920279289194
528 0.0831173492770085
544 0.0693984346924592
560 0.0515879460877917
576 0.0790217049646799
592 0.0576556810636849
608 0.0607777088198518
624 0.0470618704733313
640 0.0610251404882683
656 0.0521549091078269
672 0.0473363256371387
688 0.0479709029061056
704 0.065341984209135
720 0.0349077398583156
736 0.0491513138546742
752 0.0285682522147711
768 -0.00419438399164105
784 0.00308369918177099
800 0.0029883126540103
816 -6.9112465103923e-05
832 0.0188856004567149
848 0.0156059181572276
864 0.0243956016420264
880 0.021592214061449
896 0.0233435418587495
912 0.016739337607382
928 0.0217652419772451
944 0.0198819446986317
960 -0.000207506632370926
976 0.0072359770767935
992 0.0225670388978683
1008 0.0317495583403288
1024 -0.0432628225395572
1040 0.00857214292144557
1056 -0.0161191194655257
1072 -0.011863528327491
1088 -0.011835109730875
1104 -0.0114955437794956
1120 -0.00285683045944722
1136 -0.0232539542775867
1152 -0.0220921105171967
1168 -0.0216225775474973
1184 -0.0230708912217674
1200 -0.0147441722887148
1216 -0.0204799016441826
1232 -0.0196342465800885
1248 -0.0192332330584978
1264 -0.0557740815119667
1280 -0.0516199688362651
1296 -0.0127572152305106
1312 -0.0148800857487846
1328 -0.0234747801374788
1344 -0.0198070992361454
1360 -0.0380546804995073
1376 -0.0299565300368261
1392 -0.0321280617725656
1408 -0.0479458496970716
1424 -0.0410214517386017
1440 -0.0340246645725538
1456 -0.0401825056614334
1472 -0.036666595161136
1488 -0.0446970922172769
1504 -0.0568155038852134
1520 -0.0837729588149596
1536 -0.0628590441312373
1552 -0.0281190263132386
1568 -0.0219243412773273
1584 -0.0466126079684555
1600 -0.0669075385773235
1616 -0.0623655381833029
1632 -0.0607013894744905
1648 -0.0627616055525155
1664 -0.0499420143078451
1680 -0.0642250283645286
1696 -0.060906234018039
1712 -0.0620234660355486
1728 -0.0657304629189978
1744 -0.0638076137572767
1760 -0.0638151909247548
1776 -0.0953992571604959
1792 -0.0770348244957889
1808 -0.0643081564022029
1824 -0.0598016237680526
1840 -0.0681978785519694
1856 -0.0687625584465409
1872 -0.0797442402617618
1888 -0.0793538831021067
1904 -0.0772264116074656
1920 -0.084474853358621
1936 -0.0704072129693313
1952 -0.0675090002799508
1968 -0.0728851407398659
1984 -0.0798730543241014
2000 -0.0784163630945458
2016 -0.0712501516461595
2032 -0.0977347258192236
2048 -0.102891049707143
2064 -0.108893349693103
2080 -0.109610397151219
2096 -0.0944086217093505
2112 -0.116528821057582
2128 -0.103791913307729
2144 -0.101501382899623
2160 -0.106537155944694
2176 -0.118605447527812
2192 -0.118204498712116
2208 -0.129247843628397
2224 -0.120675877816194
2240 -0.112799054587717
2256 -0.109194501408956
2272 -0.137954042287126
2288 -0.133018095574211
2304 -0.111441547788796
2320 -0.0913646472570991
2336 -0.115880090129692
2352 -0.0950311879776289
2368 -0.113053740544549
2384 -0.0989425547530226
2400 -0.103722389556003
2416 -0.109771726668756
2432 -0.0968816407219485
2448 -0.0917926941553519
2464 -0.0965488788125723
2480 -0.0929658311185409
2496 -0.0908732024624688
2512 -0.0972036671851946
2528 -0.118634073502941
2544 -0.107679010530837
2560 -0.0805081782391082
2576 -0.084402579632376
2592 -0.0836506649648571
2608 -0.0744089525466012
2624 -0.0781614552025843
2640 -0.077089198732445
2656 -0.0594320721096053
2672 -0.0634659137674839
2688 -0.0766545989429279
2704 -0.0477077353958876
2720 -0.0474234310647798
2736 -0.0365239574274175
2752 -0.0380296639037032
2768 -0.0661331975462955
2784 -0.0828816872112483
2800 -0.059499762033851
2816 -0.0692687248027832
2832 -0.0286509503890614
2848 -0.0602118742945701
2864 -0.0533437921918346
2880 -0.0475192986038936
2896 -0.062379603185113
2912 -0.069021640791901
2928 -0.0625673704627279
2944 -0.0577160111478287
2960 -0.06057094939121
2976 -0.060592389959091
2992 -0.0528870838378349
3008 -0.0346907011025035
3024 -0.028100038605223
3040 -0.0604355350008154
3056 -0.0531330640629559
3072 -0.035511163607851
3088 -0.0371691033006721
3104 -0.0481991065837206
3120 -0.0401698796063885
3136 -0.0504368084723346
3152 -0.0378523589166271
3168 -0.0430650692999071
3184 -0.0378053488296241
3200 -0.0479803350431005
3216 -0.0356254513114928
3232 -0.0438237284387351
3248 -0.0279069519171747
3264 -0.0334823225340624
3280 -0.0438075546463484
3296 -0.0437173528786119
3312 -0.0211876642500815
3328 -0.0296257871246508
3344 -0.00162574424766667
3360 -0.00939442622475299
3376 -0.00335769935989193
3392 -0.00318164976816651
3408 -0.00702018752886631
3424 -0.0073108781153478
3440 0.00596239310219555
3456 -0.0294197663539246
3472 -0.00935381095214221
3488 -0.00199475175720729
3504 -0.0137927152960255
3520 -0.0265478816870127
3536 -0.0315427011968146
3552 -0.0348045919050279
3568 -0.0297395802011821
3584 -0.0336705151497413
3600 -0.0170989024936
3616 -0.0190511918201443
3632 -0.0281130036228767
3648 -0.0308264245535548
3664 -0.0200545647929449
3680 -0.0162442355526061
3696 -0.00798764196488278
3712 -0.025271673715496
3728 -0.00657308576684793
3744 -0.00451122173565399
3760 -0.00624096882992329
3776 -0.0109698455114502
3792 -0.0181146839086042
3808 -0.0200165801461615
3824 -0.0244560814506566
3840 0.0013640946992536
3856 0.00940114552103582
3872 0.00384210696712807
3888 -0.00654377299912943
3904 -0.011756254858428
3920 0.00828740723169118
3936 0.000631218363163025
3952 0.0009542204505113
3968 0.000766489019396027
3984 0.0040586026238168
4000 0.00272122974784772
4016 0.0190675694357571
4032 0.0071447951982064
4048 0.00550789726281012
4064 0.000440113950101551
4080 0.0108822490909977
4096 -0.00463435306455225
4112 0.0344966977470701
4128 0.00173863241314308
4144 0.0128839523493476
4160 -0.000817718517737608
4176 0.00406329805793149
4192 0.0122804618659377
4208 0.0121156566507731
4224 -0.0113288544248243
4240 -0.00797156924256417
4256 0.00185093053580485
4272 0.006981205009314
4288 -0.0257478082582362
4304 -0.00182176767280586
4320 -6.74896270438967e-05
4336 -0.00633624448259672
4352 -0.00327378865853833
4368 0.00463834576898847
4384 -0.00741816657783224
4400 -0.0085245609788586
4416 0.00533840792592017
4432 -0.0152020883799924
4448 -0.00973607182397361
4464 -0.013849993734597
4480 -0.00557598152740332
4496 0.00384885829538397
4512 -0.00358395094024339
4528 0.00213264907706708
4544 -0.0192230757253509
4560 -0.00244180422712801
4576 -0.0162215701213057
4592 -0.0130888968885246
4608 -0.0173716948639857
4624 -0.000622924125709439
4640 0.00764136717730458
4656 0.00404505088906709
4672 0.00443352094051342
4688 0.0102211090692154
4704 0.00345563251574126
4720 0.0208252677082563
4736 -0.00118453003600611
4752 0.0170071387043545
4768 -0.0166725814074655
4784 0.00660963647762357
4800 -0.00458986103191647
4816 0.00770620708305091
4832 -0.0152417641915147
4848 0.0129544021622986
4864 -0.00794642309233541
4880 0.0183092080986753
4896 0.00465124741999769
4912 -0.00704901342597466
# -0.0182648013943567
