### Coordinate 1 = 252 runs
252	16	16	16	4.712087912087912	5.0760580053270195	7.861056409376107e-13
252	32	32	32	11.752753137060761	11.874160423003898	8.525754883181742e-12
252	48	48	48	18.187080647283253	17.496519427920518	3.153206457383879e-11
252	64	64	64	21.48275518672199	21.97122754008199	9.45349635744517e-11
252	80	80	80	24.363759366597296	23.42719795364837	1.8829835309017702e-10
252	96	96	96	26.45763452924046	26.33661805281829	3.393280732084828e-10
252	112	112	112	28.776807209932564	27.91099809281627	6.837851906003623e-10
252	128	128	128	31.1605268228717	29.83427055804604	9.170016130774835e-10
252	144	144	144	32.494107777417234	31.126519565291556	1.51926455275833e-9
252	160	160	160	33.47387630420122	31.61791817928372	1.871944257394178e-9
252	176	176	176	33.95816999156023	31.584706665729602	3.0839075751019653e-9
252	192	192	192	34.75749242422634	32.45739668438169	3.7088832636536077e-9
252	208	208	208	35.766424407111074	33.589353451731455	6.1601198070323806e-9
252	224	224	224	35.88933167439036	33.735576366230205	7.537386406324174e-9
252	240	240	240	36.895099869548574	34.479184156160805	8.263848034628341e-9
252	272	272	272	36.468275049976725	35.79688821517338	1.3735034692802117e-8
252	288	288	288	36.16576786702235	35.6600792469408	1.7071424778386354e-8
252	304	304	304	35.53913697674809	34.31877463009497	1.971513324418715e-8
252	320	320	320	32.774721419059276	31.47736795687671	2.221916873425454e-8
252	336	336	336	32.540080064051246	31.49863984667967	2.9414168926614815e-8
252	352	352	352	33.939069300301306	33.34716363402374	3.3479071162675865e-8
252	368	368	368	33.35380681934798	32.26916844373874	4.010638780916943e-8
252	384	384	384	32.837845576305156	32.35365777473716	4.454555888169965e-8
252	400	400	400	32.28643319192671	30.041385137337635	4.6015723865480916e-8
252	416	416	416	31.79946482097534	29.6399308176838	6.271059017454246e-8
252	432	432	432	31.499799564836337	29.358412298144035	7.584992029051238e-8
252	448	448	448	30.85208266805502	28.731670336892975	8.291909609392806e-8
252	464	464	464	30.381934107022435	28.35166995492074	8.974103708572978e-8
252	480	480	480	29.99846935513351	28.062896562390872	9.292714061786548e-8
252	496	496	496	29.436354824316034	27.457221899776055	1.00798191446058e-7
252	512	512	512	27.52531783822196	26.376426620669825	1.2320239614064762e-7
252	528	528	528	27.33632714143467	26.13965400855421	1.376468299839073e-7
252	544	544	544	26.891265272874637	25.642758176058727	1.5514839010654986e-7
252	560	560	560	26.337922553165964	25.012927469989474	1.730857430007436e-7
252	576	576	576	26.117888184613047	24.984119857361332	1.9565755203379239e-7
252	592	592	592	25.668915996262587	24.560344051442254	2.1427706588002864e-7
252	608	608	608	25.23035342615848	24.206016104719914	2.1376642815040216e-7
252	624	624	624	24.973744071860875	23.848121958383377	2.335670864495223e-7
252	640	640	640	24.486042942238395	23.0308326490354	2.6295641797156335e-7
252	656	656	656	24.015333364484306	22.586793314438918	2.8273579048285206e-7
252	672	672	672	23.67592128718062	22.449735404852767	3.133011221886568e-7
252	688	688	688	23.18066137437353	22.159434074034305	3.5069210933930594e-7
252	704	704	704	22.8110749896602	21.888246509269738	4.001350246338795e-7
252	720	720	720	22.651767874726968	21.650252354920365	4.262975854298618e-7
252	736	736	736	22.55306666065284	21.640401345088165	4.5863452748680374e-7
252	752	752	752	22.195237463344615	21.287202673481424	4.7295050891859013e-7
252	768	768	768	21.28607335346385	20.92113438122938	4.877001181444721e-7
252	784	784	784	20.828984601989024	20.038873989175304	5.358335114155079e-7
252	800	800	800	20.445465985294806	19.764542994422012	5.358982561036305e-7
252	816	816	816	20.328547279800045	19.842209840101464	6.003730363135614e-7
252	832	832	832	20.110387575307843	19.62731687031287	6.828163436762e-7
252	848	848	848	19.84507903077312	19.383595233806446	7.788262640049796e-7
252	864	864	864	19.691213657664	19.2485222772823	8.180384637000959e-7
252	880	880	880	19.44186171391451	18.97983512631795	9.031197844366335e-7
252	896	896	896	19.180050814760197	18.74415655230303	8.907106002496753e-7
252	912	912	912	19.003058924246083	18.621917686391658	9.86041486863246e-7
252	928	928	928	18.800063862829713	18.43835844614243	9.992670255481593e-7
252	944	944	944	18.602342706450955	18.196690881245924	1.0677750395747245e-6
252	960	960	960	18.439753111273433	18.086022992544525	1.064077512056319e-6
252	976	976	976	18.15233301878883	17.85001959753919	1.111810377545402e-6
252	992	992	992	17.924263009497487	17.66291425612701	1.1583676219413094e-6
252	1008	1008	1008	17.812034393721188	17.539593404180998	1.1820152982679742e-6
252	1024	1024	1024	17.019042273093667	17.013437041189217	1.3357126938726855e-6
252	1040	1040	1040	16.80235817120043	16.66695253799161	1.4274036901984271e-6
252	1056	1056	1056	16.68526030682576	16.63675736820694	1.5363379024007326e-6
252	1072	1072	1072	16.5003519070456	16.47030271594659	1.5855563745768248e-6
252	1088	1088	1088	16.342340137398686	16.26509360750446	1.7670917573970842e-6
252	1104	1104	1104	16.19087332531552	16.17198531192004	1.9374374948001947e-6
252	1120	1120	1120	15.992290726388985	16.010418790076294	2.0143592307232643e-6
252	1136	1136	1136	15.875268582099233	15.863039874689763	2.0283649781673675e-6
252	1152	1152	1152	15.771645317643912	15.737763276667758	2.17143205870758e-6
252	1168	1168	1168	15.554977041288039	15.581571198333686	2.266103611510559e-6
252	1184	1184	1184	15.446746235539022	15.505148065532948	2.3221919117956875e-6
252	1200	1200	1200	15.340983025232722	15.404355742048102	2.4155972704126197e-6
252	1216	1216	1216	15.171733899506041	15.24325596347285	2.5058773767444976e-6
252	1232	1232	1232	14.976353700568461	15.07487288279256	2.467076136968625e-6
252	1248	1248	1248	14.850484001604343	14.990642445192883	2.7475575477578654e-6
252	1264	1264	1264	14.378951899713677	14.785133742600962	2.7148345384712794e-6
252	1280	1280	1280	14.304970755145764	14.595470856453812	3.008854039664167e-6
252	1296	1296	1296	14.098159543225918	14.255428306657093	3.007230065922239e-6
252	1312	1312	1312	13.960838792183283	14.10007961426749	3.256270261969209e-6
252	1328	1328	1328	13.81416528857943	14.039303134673336	3.3555085794166117e-6
252	1344	1344	1344	13.728529848883129	13.945999863464843	3.54797868404108e-6
252	1360	1360	1360	13.599499423187375	13.81170195270939	3.7489378913680046e-6
252	1376	1376	1376	13.474506104057715	13.74188083521576	4.25244783919739e-6
252	1392	1392	1392	13.39687247434512	13.55651689554303	4.449437826862601e-6
252	1408	1408	1408	13.318067036167829	13.537531267698444	4.278683627806452e-6
252	1424	1424	1424	13.155655249135505	13.368587244461178	4.772095418273949e-6
252	1440	1440	1440	13.07711600110336	13.332484809021784	4.804463440342382e-6
252	1456	1456	1456	12.954731499088453	13.179578910793731	5.0115775313049026e-6
252	1472	1472	1472	12.836593802449617	13.15207023692316	4.763992355010375e-6
252	1488	1488	1488	12.726101703764023	13.075819856140487	5.0389725800392265e-6
252	1504	1504	1504	12.601316945293874	12.967213983387914	5.526141384777393e-6
252	1520	1520	1520	12.275281894718846	12.849352604569706	5.658361571457776e-6
252	1536	1536	1536	12.196724592444975	12.51910912210393	5.458383010456549e-6
252	1552	1552	1552	12.056978063505438	12.406283292747961	5.573990428726092e-6
252	1568	1568	1568	11.946280025471202	12.339296512027554	5.726080207406269e-6
252	1584	1584	1584	11.886869650907137	12.287720300797249	5.86492743673325e-6
252	1600	1600	1600	11.777479842679035	12.188335688873611	6.149035981766088e-6
252	1616	1616	1616	11.695560028486833	12.089673616961871	6.362150196356088e-6
252	1632	1632	1632	11.62420286522361	12.045080728016321	7.011214075801931e-6
252	1648	1648	1648	11.552622424023205	11.942718479226972	6.948672062355361e-6
252	1664	1664	1664	11.449054896695666	11.826524470657143	8.09065816432132e-6
252	1680	1680	1680	11.367982328376236	11.780381589183603	8.376096329970919e-6
252	1696	1696	1696	11.275117291963388	11.723663570142877	8.498209438620385e-6
252	1712	1712	1712	11.205065505104931	11.623938774024504	8.999906619680708e-6
252	1728	1728	1728	11.153233776195346	11.559653929016724	9.24756027081775e-6
252	1744	1744	1744	11.00544583335915	11.44430525457801	9.120874053663527e-6
252	1760	1760	1760	10.935223472510462	11.37321188253559	9.830249847454216e-6
252	1776	1776	1776	10.693002617191583	11.318261216066784	1.0018368836282328e-5
252	1792	1792	1792	10.681950086436913	11.093691338533736	1.0559110444625349e-5
252	1808	1808	1808	10.490612566382076	10.94792962961843	1.0347716538704001e-5
252	1824	1824	1824	10.43383578253521	10.889077412707454	1.018367639891731e-5
252	1840	1840	1840	10.345012571199957	10.85147137649904	1.1615414528381147e-5
252	1856	1856	1856	10.278971681846455	10.761634165842024	1.1417673831823433e-5
252	1872	1872	1872	10.233923271710706	10.755540132855474	1.1895122012219444e-5
252	1888	1888	1888	10.161587920288188	10.65789395632962	1.20744652567696e-5
252	1904	1904	1904	10.097548075101718	10.58453988739972	1.1827129646512383e-5
252	1920	1920	1920	10.060646273848928	10.457171369729584	1.1939392097095701e-5
252	1936	1936	1936	9.945873695932779	10.414011672115452	1.2059302704883882e-5
252	1952	1952	1952	9.877665300321768	10.313575787788867	1.3222024606935772e-5
252	1968	1968	1968	9.832853557075417	10.27605051976952	1.3005017777495603e-5
252	1984	1984	1984	9.76809010298636	10.198605016053575	1.2903820546567667e-5
252	2000	2000	2000	9.658566049040335	10.161669285237105	1.3867914391663496e-5
252	2016	2016	2016	9.601525320601253	10.072744388077865	1.4093064188221878e-5
252	2032	2032	2032	9.40931537316868	9.984592202205942	1.3558451850998813e-5
252	2048	2048	2048	8.907859427349912	9.256753246006838	1.4262707756048214e-5
252	2064	2064	2064	8.887202554248233	9.549152304786503	1.5607314332494158e-5
252	2080	2080	2080	8.513678370272416	9.099200037777127	1.603752660139465e-5
252	2096	2096	2096	8.359235603099286	9.084183582335433	1.7164895886963112e-5
252	2112	2112	2112	8.398047095978033	8.784422036062585	1.7512002876714567e-5
252	2128	2128	2128	8.338869588094346	8.706199456813893	1.8233566465783673e-5
252	2144	2144	2144	8.068452637440418	8.68285026946602	1.8264325982216037e-5
252	2160	2160	2160	8.362613142203745	8.863148705767086	1.9340214759894263e-5
252	2176	2176	2176	8.463516540960379	8.736699418002734	2.0027870211065672e-5
252	2192	2192	2192	8.223879033901254	8.735911280870635	2.052304857724291e-5
252	2208	2208	2208	8.490629954300026	8.863410680109272	2.220239014973224e-5
252	2224	2224	2224	8.416787143500308	8.746869456003552	2.0862306856205804e-5
252	2240	2240	2240	8.128147398885329	8.619741271665898	2.2699902906691576e-5
252	2256	2256	2256	8.063633671689711	8.49094425992555	2.2868928160910036e-5
252	2272	2272	2272	7.972890687746099	8.567354220811318	2.4087357188207e-5
252	2288	2288	2288	8.0846063763555	8.510251308979928	2.3975000553086348e-5
252	2304	2304	2304	8.114842505534622	8.359411516029862	2.561391281387385e-5
252	2320	2320	2320	7.997925190962458	8.25288320304997	2.407850598917656e-5
252	2336	2336	2336	7.913151944756428	8.29192901076751	2.5144966653164755e-5
252	2352	2352	2352	7.851833276719655	8.221123277290586	2.530468143668849e-5
252	2368	2368	2368	7.793750010479393	8.221897826527657	2.6659739078357705e-5
252	2384	2384	2384	7.814354882702338	8.204037630619213	2.6470099956989865e-5
252	2400	2400	2400	7.766039063344487	8.0819048653111	2.6689839158543666e-5
252	2416	2416	2416	7.761622195473458	8.037119789240478	2.7390393443316206e-5
252	2432	2432	2432	7.711836195480359	8.036128353665438	2.8698754445602036e-5
252	2448	2448	2448	7.503600035038563	7.842078672975668	2.728929516303867e-5
252	2464	2464	2464	7.605753397866229	7.86607577831574	2.759379632527071e-5
252	2480	2480	2480	7.5921444035700905	7.863462338112689	2.8200745777848674e-5
252	2496	2496	2496	7.640744584403611	7.86201953778649	2.9836396765098817e-5
252	2512	2512	2512	7.666891521967016	7.811833106656054	2.9783481364300317e-5
252	2528	2528	2528	7.509065535975725	7.814108166572814	2.9389139809379632e-5
252	2544	2544	2544	7.38417154991412	7.712732590595155	3.0427806288822822e-5
252	2560	2560	2560	7.232896773894	7.4650326529512325	2.9332268713435553e-5
252	2576	2576	2576	7.251718195535082	7.497527869879422	3.187550298312974e-5
252	2592	2592	2592	7.250364088155076	7.499129371321871	3.363899432596202e-5
252	2608	2608	2608	7.22407937037691	7.461737842437365	3.255526907675262e-5
252	2624	2624	2624	7.265893791615697	7.395581393359185	3.761350624478727e-5
252	2640	2640	2640	7.254315623589675	7.323377349748904	3.580408890265108e-5
252	2656	2656	2656	7.13745713346256	7.267151429539547	4.0050063588142785e-5
252	2672	2672	2672	7.136680433069759	7.212937137755831	4.1747767194081584e-5
252	2688	2688	2688	7.241085084533048	7.299358225153363	4.04391928357452e-5
252	2704	2704	2704	7.10165967987866	7.205068702061779	4.2461271288400075e-5
252	2720	2720	2720	7.12772171320323	7.103915790059027	4.593751279497658e-5
252	2736	2736	2736	7.105492300946373	7.105009847279005	4.564953160150958e-5
252	2752	2752	2752	6.982678678268291	7.085226304040506	4.866426323883866e-5
252	2768	2768	2768	7.012699355868348	7.008554812107198	4.8027586801261715e-5
252	2784	2784	2784	6.81699968880657	6.96528173949254	4.764018455941876e-5
252	2800	2800	2800	6.920752267815276	6.883754684147062	4.852916326109628e-5
252	2816	2816	2816	6.930268081926241	6.889289861087899	5.091841688093135e-5
252	2832	2832	2832	6.846050612660661	6.826895771714933	5.161528218627067e-5
252	2848	2848	2848	6.77996040073419	6.867051681605611	5.179448146006458e-5
252	2864	2864	2864	6.800838021264214	6.851629365959957	5.633846663115529e-5
252	2880	2880	2880	6.68694100543134	6.817718027649177	5.684370942966135e-5
252	2896	2896	2896	6.71693544476186	6.769350853027949	5.725323215354182e-5
252	2912	2912	2912	6.553030410907691	6.653704027767473	6.00961447791906e-5
252	2928	2928	2928	6.610536658484643	6.696307556508965	5.621321601253852e-5
252	2944	2944	2944	6.548325436546211	6.66295730877227	5.703787681585479e-5
252	2960	2960	2960	6.335385960747441	6.449569026954188	5.906095493973564e-5
252	2976	2976	2976	6.421253125735836	6.432544537779624	5.9232023901838196e-5
252	2992	2992	2992	6.39113562525777	6.439079853252028	5.9243059122075476e-5
252	3008	3008	3008	6.283693036032335	6.411308677416633	6.384144402924165e-5
252	3024	3024	3024	6.357215940891587	6.36026905165652	6.252751673660466e-5
252	3040	3040	3040	6.277965316387887	6.416681970364267	6.609485930305637e-5
252	3056	3056	3056	6.242894569362795	6.35806340771489	6.485861831225853e-5
252	3072	3072	3072	6.2067523035338565	6.360442384523134	6.027182068875685e-5
252	3088	3088	3088	6.1441281681085504	6.224857221085232	6.515897327408261e-5
252	3104	3104	3104	6.111527555182819	6.107277785796882	6.431912886421803e-5
252	3120	3120	3120	6.156151589093969	6.295670372497458	6.64636424408948e-5
252	3136	3136	3136	6.20015109130201	6.314546915836544	6.781950484279785e-5
252	3152	3152	3152	6.178567058864123	6.258254020485767	6.439376426051953e-5
252	3168	3168	3168	6.194028715754723	6.218571701417031	6.668265471909998e-5
252	3184	3184	3184	6.0967370641933565	6.171426366260422	6.639518671932012e-5
252	3200	3200	3200	6.19956984057578	6.1683774681422845	6.768484689845993e-5
252	3216	3216	3216	6.084895521214954	6.119942943947184	6.694851437615858e-5
252	3232	3232	3232	6.210331320339542	6.330853582655213	7.145719438537076e-5
252	3248	3248	3248	6.252313636201632	6.364838018305562	7.022914583202425e-5
252	3264	3264	3264	6.223662471579032	6.290103465035253	7.249649996979377e-5
252	3280	3280	3280	6.141165467933157	6.27806878218659	7.617464274488777e-5
252	3296	3296	3296	5.966422359049575	5.9925520056508494	7.553618345913742e-5
252	3312	3312	3312	6.04539259245159	6.079452500207275	8.188281224695466e-5
252	3328	3328	3328	5.879829981448344	5.952900645175335	9.240065753496218e-5
252	3344	3344	3344	5.700668331886223	5.874024906676749	8.428425559897233e-5
252	3360	3360	3360	5.62537785835522	5.536544809909569	9.090222281637529e-5
252	3376	3376	3376	5.72168474233189	5.643820856472027	9.389697353475652e-5
252	3392	3392	3392	5.678403781468704	5.642216052038217	9.267339676974057e-5
252	3408	3408	3408	5.708603530848447	5.838116606974439	9.92291137472726e-5
252	3424	3424	3424	5.711656287874039	5.818828773867362	9.782486009218082e-5
252	3440	3440	3440	5.836387566454604	5.749770756677075	9.819951603354731e-5
252	3456	3456	3456	5.868836468001764	5.870199613435679	1.0790962904428059e-4
252	3472	3472	3472	5.766607564789766	5.486286033659547	1.0730001598202817e-4
252	3488	3488	3488	5.59611385326614	5.716383144885465	1.0568802760873257e-4
252	3504	3504	3504	5.532467973278972	5.5855868648327816	1.0857761140334659e-4
252	3520	3520	3520	5.591881513083148	5.496026425161043	1.094722992888449e-4
252	3536	3536	3536	5.486262419886327	5.458611508301359	1.1270417196641906e-4
252	3552	3552	3552	5.41611829351651	5.481442085477071	1.1559638200273962e-4
252	3568	3568	3568	5.431995743983694	5.584403333962079	1.135703591914203e-4
252	3584	3584	3584	5.38449193064662	5.479653616129214	1.1076486876822163e-4
252	3600	3600	3600	5.3358088498531915	5.4857160755863745	1.1827772456805102e-4
252	3616	3616	3616	5.252966395485669	5.462599449706189	1.273681945994514e-4
252	3632	3632	3632	5.5657628358902205	5.545750424689357	1.2233638079093407e-4
252	3648	3648	3648	5.3796344945625965	5.494002090492889	1.1981049569249819e-4
252	3664	3664	3664	5.267649439497539	5.3225098740286745	1.3274670323788055e-4
252	3680	3680	3680	5.215981272442266	5.235490304207355	1.2661889759896719e-4
252	3696	3696	3696	5.271439942975113	5.248913578101503	1.2359744236159983e-4
252	3712	3712	3712	5.218804408161691	5.213867981071639	1.2871600613306237e-4
252	3728	3728	3728	5.218612394774274	5.202912391076209	1.296786683914569e-4
252	3744	3744	3744	5.416436659167543	5.456013118418764	1.2987489649305106e-4
252	3760	3760	3760	5.391918741022932	5.416716599210822	1.321398275766529e-4
252	3776	3776	3776	5.375813701084172	5.413901096626275	1.3670348344017882e-4
252	3792	3792	3792	5.314113601700961	5.375867186104509	1.2455037687935733e-4
252	3808	3808	3808	5.25131817773859	5.298100798547881	1.3967992104247788e-4
252	3824	3824	3824	5.261825747957406	5.310925674050806	1.39152325077309e-4
252	3840	3840	3840	5.316253745302051	5.353492992230967	1.3188922735551066e-4
252	3856	3856	3856	5.292142182798758	5.320821516927871	1.3840686229290707e-4
252	3872	3872	3872	5.289512539544159	5.334907569052243	1.4141578500978606e-4
252	3888	3888	3888	5.275152198486039	5.314152263985883	1.344570872366601e-4
252	3904	3904	3904	5.259110231160815	5.3097226426898425	1.524261272807775e-4
252	3920	3920	3920	5.240514794916539	5.275653005720432	1.5253349168979123e-4
252	3936	3936	3936	5.228990143345466	5.270123816898495	1.4980960795164046e-4
252	3952	3952	3952	5.210013919401524	5.229503849000262	1.4838985427228143e-4
252	3968	3968	3968	5.169810829784977	5.206636729264091	1.405432528907185e-4
252	3984	3984	3984	5.17589038805591	5.170509917891552	1.4985361626534052e-4
252	4000	4000	4000	5.14324458202825	5.1252515882263445	1.5706266120099334e-4
252	4016	4016	4016	5.130932382243824	5.10981982403944	1.5341564014086282e-4
252	4032	4032	4032	5.107919021085822	5.12835365065623	1.4793406939490186e-4
252	4048	4048	4048	5.041536350932451	5.079558785280138	1.4395112811365666e-4
252	4064	4064	4064	5.012771613568274	5.0659518083600314	1.5026878279251088e-4
252	4080	4080	4080	4.998372495177102	5.021484714015693	1.5359190595401248e-4
252	4096	4096	4096	4.887132871383478	4.8383338232195925	1.5293692366191312e-4
252	4112	4112	4112	4.9173477873729095	4.906629821589663	1.5856825194601339e-4
252	4128	4128	4128	4.914439221784668	4.937699366892551	1.7145462300767684e-4
252	4144	4144	4144	4.890739885365714	4.927769826246337	1.6790356539054033e-4
252	4160	4160	4160	4.8778086022077956	4.916233421632414	1.8275246766734908e-4
252	4176	4176	4176	4.891814564382764	4.865241521350092	1.812232150719671e-4
252	4192	4192	4192	4.8704761410442785	4.871788868155068	1.899225101780048e-4
252	4208	4208	4208	4.843331608853007	4.868403043053483	1.9220027653963202e-4
252	4224	4224	4224	4.839964178527391	4.883956222694062	1.9799482349424827e-4
252	4240	4240	4240	4.8200349171063515	4.868536731125854	2.1015918183009977e-4
252	4256	4256	4256	4.816012498981291	4.866891180416904	1.909731330347136e-4
252	4272	4272	4272	4.814043246597129	4.848101144647171	2.072591234648964e-4
252	4288	4288	4288	4.762470092697892	4.850549284905804	2.011755569998342e-4
252	4304	4304	4304	4.74312776202339	4.812317729704309	2.189632907559203e-4
252	4320	4320	4320	4.744646008431281	4.813591160955477	2.1713846926468459e-4
252	4336	4336	4336	4.729294768504527	4.78866741997914	2.2977812434459908e-4
252	4352	4352	4352	4.684859714367474	4.737053101446106	2.3038489816124303e-4
252	4368	4368	4368	4.667791581223413	4.705442038083387	2.3312997316635766e-4
252	4384	4384	4384	4.693305430129726	4.7564488106426515	2.3530065759603982e-4
252	4400	4400	4400	4.686873403772656	4.734017129290113	2.5052608621588295e-4
252	4416	4416	4416	4.67614720269111	4.74472724296036	2.4969153330967037e-4
252	4432	4432	4432	4.663073752543708	4.720329984048285	2.543433489354594e-4
252	4448	4448	4448	4.646533601298891	4.711928083720631	2.4600361268886e-4
252	4464	4464	4464	4.651159149505569	4.698840924892925	2.56494071563938e-4
252	4480	4480	4480	4.62976806557196	4.680141622180529	2.4774799482245985e-4
252	4496	4496	4496	4.617581161153131	4.670582846919789	2.7838307068385004e-4
252	4512	4512	4512	4.608161797829907	4.671927636102763	2.5647456853599934e-4
252	4528	4528	4528	4.5996536243849855	4.6461391820899705	2.6602556594123634e-4
252	4544	4544	4544	4.554354265487008	4.65124801840524	2.798250111309539e-4
252	4560	4560	4560	4.537134079285947	4.628855618045595	2.7215666170863294e-4
252	4576	4576	4576	4.514636495939987	4.624754914740949	2.7168338468111286e-4
252	4592	4592	4592	4.511238779891151	4.607739525379594	2.826530436557147e-4
252	4608	4608	4608	4.477430500990431	4.494322639937261	2.6022030864461716e-4
252	4624	4624	4624	4.483935520766787	4.552635151176707	2.819571623078113e-4
252	4640	4640	4640	4.46770329725519	4.550474198172219	2.8323645539475123e-4
252	4656	4656	4656	4.464969564767972	4.527047267214334	2.912237806825317e-4
252	4672	4672	4672	4.445574165554307	4.499158868786775	2.745489061962126e-4
252	4688	4688	4688	4.438553353031939	4.433414358306921	2.9703701875977265e-4
252	4704	4704	4704	4.422447856084974	4.439430381584872	2.9364497898940443e-4
252	4720	4720	4720	4.41681058667986	4.37928823560891	2.932606673245631e-4
252	4736	4736	4736	4.40492342105746	4.473561906910804	3.015240096045902e-4
252	4752	4752	4752	4.395917741379367	4.378558937491344	2.9710284210331914e-4
252	4768	4768	4768	4.371681981216516	4.35623483709456	3.0085817456826255e-4
252	4784	4784	4784	4.3628084808089485	4.3786945330397655	3.1083931401537483e-4
252	4800	4800	4800	4.333240075607094	4.373443964403963	3.11087918821754e-4
252	4816	4816	4816	4.320396483818982	4.366412925054495	3.146561658854038e-4
252	4832	4832	4832	4.3094091595864885	4.353067112408519	3.1757927508530107e-4
252	4848	4848	4848	4.294432833301303	4.298429822351989	3.2159051840501023e-4
252	4864	4864	4864	4.291917058516156	4.350286119998889	2.97240564709848e-4
252	4880	4880	4880	4.268705122391476	4.2966732406906365	3.127077578994802e-4
252	4896	4896	4896	4.260503590015901	4.328896289540529	3.185143725150638e-4
252	4912	4912	4912	4.246562110972291	4.325380267902419	3.2499032327469135e-4
### Coordinate 2 = 252 runs
16	252	16	16	3.629764833478825	3.3127157721928486	9.910988736784643e-12
32	252	32	32	8.514969183246228	7.847802034703295	5.7233165434999224e-11
48	252	48	48	13.423835464794477	11.733152266168732	1.4451524523640695e-10
64	252	64	64	15.498060251927772	14.455555679647976	2.7667779565427254e-10
80	252	80	80	17.825951995436128	15.830607729043892	5.136640566262298e-10
96	252	96	96	20.610692321039544	16.466099171347306	8.83242517331005e-10
112	252	112	112	22.95911019932018	18.2683022461211	1.1597794274084314e-9
128	252	128	128	24.142140325570217	20.102872752282025	1.6522672873965066e-9
144	252	144	144	26.208517055655296	22.186138688764213	2.1841450407278862e-9
160	252	160	160	29.181497615750573	23.16294350694414	2.9231606818478832e-9
176	252	176	176	28.882743415849887	25.018971253446356	3.601826844831226e-9
192	252	192	192	32.99260732977961	26.38269997034133	5.302970285494986e-9
208	252	208	208	34.76965894131428	33.2519749241442	6.722921839906327e-9
224	252	224	224	35.81611005264345	34.12740742010869	7.53828537304051e-9
240	252	240	240	37.992889203494265	35.669585093367836	8.414983920986392e-9
272	252	272	272	36.93950412731906	35.9399021501521	1.2401374043511017e-8
288	252	288	288	37.94095087952885	37.17014564401686	1.6789656483866224e-8
304	252	304	304	38.10520115450315	37.29226334878582	1.7570616625925438e-8
320	252	320	320	37.958548296761506	37.28378883095886	2.0242880503794325e-8
336	252	336	336	38.949321701844525	36.19863462077995	2.2042803896042328e-8
352	252	352	352	38.78945929963874	38.246811903940184	2.4484884955332333e-8
368	252	368	368	38.93050212209655	38.416772107725485	2.7573479531162912e-8
384	252	384	384	39.46692808784516	38.92975859123788	3.540250995894561e-8
400	252	400	400	39.55392938416975	37.16596604088902	3.711878393474898e-8
416	252	416	416	39.695292761134574	39.212155107457754	4.4100361189048076e-8
432	252	432	432	40.336703213007446	39.77559204458524	4.944568635335961e-8
448	252	448	448	40.117748214518	39.5522020221689	5.0874428017987546e-8
464	252	464	464	40.27588090928932	39.78372829243442	5.532753757213105e-8
480	252	480	480	40.76231356290077	40.226647639064005	5.9014186586429683e-8
496	252	496	496	40.57185899722196	40.0955641928222	6.258771803788765e-8
512	252	512	512	38.85238232259599	39.288018098815535	6.996861074539816e-8
528	252	528	528	39.790899108290176	39.66721769773845	7.506974125534971e-8
544	252	544	544	39.83335191667222	39.74176124153783	9.394824663488933e-8
560	252	560	560	39.86227532224366	39.77765901717816	1.0323407225651574e-7
576	252	576	576	40.178003232691566	40.082930612574614	1.0798523605343509e-7
592	252	592	592	40.10949109313064	40.041619887666926	1.18717146531466e-7
608	252	608	608	40.12524390359465	40.03821270872996	1.2573544606957352e-7
624	252	624	624	40.59595272350782	40.50054746643924	1.3108179137298314e-7
640	252	640	640	40.216967585192386	40.248468566460836	1.424406043760863e-7
656	252	656	656	40.45708568202078	39.154588338959634	1.4575421451385193e-7
672	252	672	672	40.889576854461865	39.615413676451276	1.5473974324299452e-7
688	252	688	688	40.815050107916385	39.587864044239964	1.626858201349403e-7
704	252	704	704	40.76329557552856	39.623543565036805	1.7363859413798216e-7
720	252	720	720	41.1306676876121	39.996375010103435	1.749102147455287e-7
736	252	736	736	41.03485872786351	39.85494810706911	1.7908052071731093e-7
752	252	752	752	40.96772742708372	39.85834286390346	2.1733166084097482e-7
768	252	768	768	39.91556311453898	39.54531874835295	2.509115070899505e-7
784	252	784	784	40.169836272322016	39.46827944060407	2.471920300450786e-7
800	252	800	800	40.28925929515779	39.4391222741173	2.93637013419547e-7
816	252	816	816	40.56619378927306	39.76418901553746	3.034225507720893e-7
832	252	832	832	40.40933176574995	39.69978943394093	3.0771439064937806e-7
848	252	848	848	40.45518064768756	39.73261041146284	3.433588165088174e-7
864	252	864	864	40.80702142755383	40.041573063842336	3.3651044421356973e-7
880	252	880	880	40.67959840453279	39.91868729202817	3.4988984716141054e-7
896	252	896	896	40.497464950367196	39.775616044184815	3.7665982631452376e-7
912	252	912	912	40.97484957198674	40.17340501633079	3.862642835181804e-7
928	252	928	928	40.905076964775986	40.22489335744893	3.9376776624015195e-7
944	252	944	944	40.91945241877619	40.19007103355493	4.132554376689612e-7
960	252	960	960	41.08484139902359	40.361908764903774	4.200337086481812e-7
976	252	976	976	41.07997364745891	40.40667080217204	4.3380441689880933e-7
992	252	992	992	41.03083296308772	40.355108301206855	4.458925061364609e-7
1008	252	1008	1008	41.22515818891508	40.54405082761614	4.65765583756202e-7
1024	252	1024	1024	39.844950378747036	39.86201503236739	5.198381994820264e-7
1040	252	1040	1040	40.364548788072575	39.99945261151087	5.330322872362773e-7
1056	252	1056	1056	40.5654905966462	40.192215156165105	6.074508210727668e-7
1072	252	1072	1072	40.53771582186603	40.230680484423765	6.419616707723741e-7
1088	252	1088	1088	40.46565590527485	40.170888976562956	6.851091440317378e-7
1104	252	1104	1104	40.66881425659861	40.3938400839068	7.087652383316127e-7
1120	252	1120	1120	40.66258356315811	40.3351951529189	7.28282343756088e-7
1136	252	1136	1136	40.705199496224566	40.370303963425954	7.520197676632223e-7
1152	252	1152	1152	40.62955025577206	40.34308160852783	8.207145112888418e-7
1168	252	1168	1168	40.82651763086468	40.51180794978853	8.598967450735943e-7
1184	252	1184	1184	40.84255994111105	40.519653498343956	8.513164586024955e-7
1200	252	1200	1200	41.116737292624656	40.793483160125724	9.196186770724076e-7
1216	252	1216	1216	40.95267126711265	40.66985421793538	9.314566754116609e-7
1232	252	1232	1232	40.9700997432163	40.70042740638285	9.341197922130447e-7
1248	252	1248	1248	41.09993248199722	40.8481868115199	9.94701341884055e-7
1264	252	1264	1264	40.38229965367527	40.794169511216225	9.783906017637422e-7
1280	252	1280	1280	39.96487655613694	40.28023310385124	1.0141482792101642e-6
1296	252	1296	1296	40.54963000996513	40.48722152752818	1.0791645830253019e-6
1312	252	1312	1312	40.48690159183502	40.44226394386173	1.065745591284696e-6
1328	252	1328	1328	40.4528432410705	40.48074462834335	1.1016030487732536e-6
1344	252	1344	1344	40.582495189541675	40.62514106395764	1.1291501766724963e-6
1360	252	1360	1360	40.64898868678969	40.66653622990199	1.1572289176642967e-6
1376	252	1376	1376	40.6813175907094	40.66206564126916	1.2508047043859256e-6
1392	252	1392	1392	40.82237418508727	40.717543583628164	1.2120597095636133e-6
1408	252	1408	1408	40.57627148998553	40.57995798684939	1.263845568534316e-6
1424	252	1424	1424	40.75592350680703	40.744077771343235	1.2914082988073472e-6
1440	252	1440	1440	40.93567043016898	40.93429233390717	1.357442828172951e-6
1456	252	1456	1456	40.879444372015016	40.71419056106689	1.4061478214278087e-6
1472	252	1472	1472	40.814331737107224	40.790374396327216	1.5483410761923006e-6
1488	252	1488	1488	40.930222909220724	40.966521418326785	1.4820851035689118e-6
1504	252	1504	1504	40.88382920200142	40.9768178763288	1.5267010498738322e-6
1520	252	1520	1520	40.14661610663035	40.81950036739393	1.7002675477175483e-6
1536	252	1536	1536	40.08158745693265	40.527467039751684	1.7857007196552125e-6
1552	252	1552	1552	40.39203175007881	40.47411762923182	1.9185498210477215e-6
1568	252	1568	1568	40.453323876840884	40.68084046332068	1.9251787019020837e-6
1584	252	1584	1584	40.61599577743571	40.86644365935521	1.9197646607190344e-6
1600	252	1600	1600	40.47980859184753	40.706499306367235	2.118167436043521e-6
1616	252	1616	1616	40.55425301467262	40.80319610518587	2.130866050720215e-6
1632	252	1632	1632	40.75418716407638	40.96038307480677	2.1825623520550168e-6
1648	252	1648	1648	40.7369377969413	40.94207623729623	2.2300397990517333e-6
1664	252	1664	1664	40.504084741065945	40.682460396891734	2.257784094541904e-6
1680	252	1680	1680	40.77476869250527	41.02646455599032	2.473884480578302e-6
1696	252	1696	1696	40.84568634158565	41.016134209343164	2.3995843772963436e-6
1712	252	1712	1712	40.85438444342898	41.08030030030114	2.4063645254901487e-6
1728	252	1728	1728	40.928034302470664	41.125136986011256	2.5197506688611765e-6
1744	252	1744	1744	40.90030655603117	41.137891400881465	2.5544084951955063e-6
1760	252	1760	1760	40.88454728105548	41.091447351693624	2.720849617187943e-6
1776	252	1776	1776	40.5016767369396	41.22133937140197	2.6624334672676235e-6
1792	252	1792	1792	40.21191984663153	40.6872104671765	2.8765031127962243e-6
1808	252	1808	1808	40.53108784332413	40.73364878383102	2.8688605468552216e-6
1824	252	1824	1824	40.62727384753871	40.92007390523099	2.832053792859219e-6
1840	252	1840	1840	40.585821305685236	40.95664845405636	2.957814811030044e-6
1856	252	1856	1856	40.51043929362961	40.84788572557104	3.0747075650278295e-6
1872	252	1872	1872	40.60165983388006	40.95740693846543	3.083829420620634e-6
1888	252	1888	1888	40.676904764829345	40.99338026785467	3.064897553157927e-6
1904	252	1904	1904	40.727337183557474	41.0390915497257	3.197879111735778e-6
1920	252	1920	1920	40.5904528306722	40.91419522350441	3.1780809390851155e-6
1936	252	1936	1936	40.83364269182156	41.09359093670969	3.2340412082926497e-6
1952	252	1952	1952	40.78743856296027	41.0647385302486	3.276604065779297e-6
1968	252	1968	1968	40.96955499359427	41.2366511092995	3.327082605981571e-6
1984	252	1984	1984	40.772367759673436	41.12813195014553	3.394318038899536e-6
2000	252	2000	2000	40.83108762351404	41.183740830718946	3.459501220451867e-6
2016	252	2016	2016	40.936267566948715	41.27581619271538	3.664231593473152e-6
2032	252	2032	2032	40.47824165359067	41.23253204441241	3.6625344602789734e-6
2048	252	2048	2048	39.96861462488666	40.53809771521721	3.9522924881479895e-6
2064	252	2064	2064	40.34160822087171	40.63548450284711	3.995595706462908e-6
2080	252	2080	2080	40.14792811814099	40.495403955242146	3.8088939130455627e-6
2096	252	2096	2096	40.62224720757247	40.99165494555067	4.869921987345664e-6
2112	252	2112	2112	40.63612911217577	41.00468554145255	4.463936260206026e-6
2128	252	2128	2128	40.72066419179906	41.09356430754505	4.6900088116210885e-6
2144	252	2144	2144	40.68799532655003	41.076634128474566	4.854577858920704e-6
2160	252	2160	2160	40.84115470307094	41.1968728244114	5.0556458017666105e-6
2176	252	2176	2176	40.63338859317621	40.940587048798136	5.53212507964318e-6
2192	252	2192	2192	40.84429096826953	41.14757838197774	5.293415984475389e-6
2208	252	2208	2208	40.89973335799946	41.27037400850965	5.309708418296736e-6
2224	252	2224	2224	40.93211241477798	41.24070730183907	5.434410789906194e-6
2240	252	2240	2240	40.85875281789785	41.15119776951356	5.743407043128471e-6
2256	252	2256	2256	40.91341630809442	41.28166397769683	5.807324924131028e-6
2272	252	2272	2272	40.490299180758704	41.26844224205645	5.604500853126434e-6
2288	252	2288	2288	40.51650786177834	41.29524622450654	5.802964466935029e-6
2304	252	2304	2304	40.404038380701614	40.93234398468266	5.90072812911163e-6
2320	252	2320	2320	40.62118665789394	40.93904484653119	6.0407072631906995e-6
2336	252	2336	2336	40.63526927568943	40.956934576684105	5.9116495472203596e-6
2352	252	2352	2352	40.72163357675645	41.15463464045804	6.63946650083924e-6
2368	252	2368	2368	40.68985302816168	41.08210562360099	6.417368064514108e-6
2384	252	2384	2384	40.70303908115768	41.109974695106345	6.710024488022264e-6
2400	252	2400	2400	40.818009191813424	41.19397100272455	6.853303073129214e-6
2416	252	2416	2416	40.848758273939886	41.20054135195517	6.895599889238135e-6
2432	252	2432	2432	40.592474558693915	40.95787972107009	7.173497001879971e-6
2448	252	2448	2448	40.93661580896783	41.273151230144606	7.313282849233798e-6
2464	252	2464	2464	40.88319467671011	41.21681488532245	7.360449651104784e-6
2480	252	2480	2480	40.95995994863768	41.27332962834889	7.484136951217129e-6
2496	252	2496	2496	40.96852094614505	41.34482256782209	7.425743667045246e-6
2512	252	2512	2512	40.91754225996793	41.29181088978495	7.4683513903363115e-6
2528	252	2528	2528	40.50705320181307	41.09822960753616	7.773080437687185e-6
2544	252	2544	2544	40.67258249065645	41.28344652389366	8.050765192055761e-6
2560	252	2560	2560	40.2759007893658	40.85133539718459	8.003948974721503e-6
2576	252	2576	2576	40.685499077991274	40.968524243178045	7.843674582375786e-6
2592	252	2592	2592	40.724823095203156	41.067410708235144	8.237067545463137e-6
2608	252	2608	2608	40.70780232768223	41.10100480212706	8.294246537913372e-6
2624	252	2624	2624	40.54467957193632	40.894965717200996	8.64064361313452e-6
2640	252	2640	2640	40.797361203900635	41.189063230977126	8.11250199581792e-6
2656	252	2656	2656	40.805742443166615	41.09098083289233	8.642056870661297e-6
2672	252	2672	2672	40.82218860423416	41.193293077468525	8.680844079365051e-6
2688	252	2688	2688	40.69399475683277	41.07840045341789	8.547891072413162e-6
2704	252	2704	2704	40.87852184961584	41.19070846809375	8.96201720869121e-6
2720	252	2720	2720	40.90388527024079	41.27496285545838	8.522304855375282e-6
2736	252	2736	2736	40.968478431685284	41.39238635946166	9.109278623409425e-6
2752	252	2752	2752	40.89642879803299	41.3259146289327	9.209797660510635e-6
2768	252	2768	2768	40.90777699668294	41.312316822165236	9.144822107318154e-6
2784	252	2784	2784	40.65026790224003	41.300405042752296	9.219352163750592e-6
2800	252	2800	2800	40.69416457239376	41.320639797929424	9.336858804738162e-6
2816	252	2816	2816	40.40743471597743	40.97196497909386	9.94608698194346e-6
2832	252	2832	2832	40.76538486911852	41.09102730676479	9.584041832815239e-6
2848	252	2848	2848	39.76571800476269	40.00349674707582	9.646519642358161e-6
2864	252	2864	2864	40.72290439600395	41.10577481650653	9.877401922316662e-6
2880	252	2880	2880	40.7751934075355	41.168828539896744	1.0782964578508226e-5
2896	252	2896	2896	40.80609784513817	41.155350542339214	1.0476819824822825e-5
2912	252	2912	2912	40.84244048269429	41.04588469574095	1.09479633440057e-5
2928	252	2928	2928	40.84984306543622	41.26286446969046	1.0923028876277707e-5
2944	252	2944	2944	40.69836649907543	41.12005282209818	1.163027755779677e-5
2960	252	2960	2960	40.893407001997694	41.23978694912022	1.2031393546231738e-5
2976	252	2976	2976	40.77836878222653	41.06706066580977	1.2511616933623222e-5
2992	252	2992	2992	40.95134891004017	41.343205240517435	1.2242009052769917e-5
3008	252	3008	3008	40.88871736397413	40.96835366035609	1.234503424462992e-5
3024	252	3024	3024	40.95709423087797	41.36334528978697	1.2638960783037742e-5
3040	252	3040	3040	40.606733382162076	41.136694792606036	1.3305794118071449e-5
3056	252	3056	3056	40.531315457439284	41.29647264739953	1.2767921517045748e-5
3072	252	3072	3072	40.3800716413066	40.93429180703633	1.3988214566270996e-5
3088	252	3088	3088	40.79967414354304	41.100058503262396	1.3605372197338917e-5
3104	252	3104	3104	40.77603947029132	40.964201863268016	1.4071367789258738e-5
3120	252	3120	3120	40.11349298213846	40.50896961587998	1.5237120427088996e-5
3136	252	3136	3136	40.852340378152505	41.00586281008274	1.5240559174883885e-5
3152	252	3152	3152	40.8856246169442	41.274870910838445	1.586136042806538e-5
3168	252	3168	3168	40.852036153928005	41.168667812252686	1.4907269418007773e-5
3184	252	3184	3184	40.93356186575406	41.34053441766066	1.5773904996912858e-5
3200	252	3200	3200	40.74881634864341	41.19975921942863	1.575018198695637e-5
3216	252	3216	3216	40.985359345190794	41.41339302429039	1.6537120446879695e-5
3232	252	3232	3232	40.96359256793391	41.24799733202071	1.654047686667676e-5
3248	252	3248	3248	41.026197421630876	41.38034208252635	1.6977779107921628e-5
3264	252	3264	3264	40.987192037741366	41.03487895650869	1.700561358652962e-5
3280	252	3280	3280	40.48397681386469	41.27660889158433	1.7126795974580425e-5
3296	252	3296	3296	40.71453282132845	41.25021551921904	1.734085460660325e-5
3312	252	3312	3312	40.823735476519076	41.48392754717613	1.814528293790194e-5
3328	252	3328	3328	40.55601499291738	41.12095899527711	1.8526476541538477e-5
3344	252	3344	3344	40.78392210325823	41.190886800510086	1.8034640910174142e-5
3360	252	3360	3360	40.82989338368626	41.12333080426613	1.910593859522879e-5
3376	252	3376	3376	40.813663089241984	41.31731643471514	1.8060822090854216e-5
3392	252	3392	3392	40.80688568961016	40.86857861867359	1.921600501976956e-5
3408	252	3408	3408	40.91244260824308	41.339369036209504	1.892156465939168e-5
3424	252	3424	3424	40.88036219656152	41.12887204539391	1.9468856100345658e-5
3440	252	3440	3440	40.83528486768961	41.28451620832415	1.987705431444518e-5
3456	252	3456	3456	40.7397211109996	41.24195630463028	1.9618214868041773e-5
3472	252	3472	3472	40.88728789253552	41.303489652064115	2.0135543844575235e-5
3488	252	3488	3488	40.85317333694107	41.23566537819964	2.0174323283210366e-5
3504	252	3504	3504	40.96893575161048	41.40857767865415	2.0597932844947632e-5
3520	252	3520	3520	40.9062915095777	41.38767193129225	2.1067164518734163e-5
3536	252	3536	3536	40.59517925395699	41.2625232852037	2.0446825855868352e-5
3552	252	3552	3552	40.65252138961169	41.33642914023972	2.1093223972749655e-5
3568	252	3568	3568	40.69486102245641	41.337572702118266	2.08814986123377e-5
3584	252	3584	3584	40.449826592809	41.06383014122597	2.2101953634876477e-5
3600	252	3600	3600	40.952505378533615	41.31650644289203	2.1436054546076758e-5
3616	252	3616	3616	40.92275199206894	41.18778138932083	2.240831447824413e-5
3632	252	3632	3632	40.964027976038835	41.32778481795654	2.2487565464167173e-5
3648	252	3648	3648	40.91529115871056	41.16994788777371	2.170969806873075e-5
3664	252	3664	3664	40.94259589922978	41.361765048842166	2.2350311233517577e-5
3680	252	3680	3680	40.87070755396753	41.26562802281753	2.3205447763436266e-5
3696	252	3696	3696	40.94487091938283	41.33719892915764	2.3149921486719522e-5
3712	252	3712	3712	40.755620104474204	41.30816179983272	2.2655352260964887e-5
3728	252	3728	3728	40.95687297633146	41.38157505219484	2.3260574207529453e-5
3744	252	3744	3744	40.93903410593464	41.18407555966244	2.3269831950350198e-5
3760	252	3760	3760	40.950770709053614	41.41497977121584	2.362166364046929e-5
3776	252	3776	3776	40.90893460062636	41.235844494116954	2.4112749452822964e-5
3792	252	3792	3792	40.70464872603627	41.45397615049135	2.4324081533773442e-5
3808	252	3808	3808	40.75002473194565	41.317927956105066	2.4289569230985645e-5
3824	252	3824	3824	40.76869920538823	41.4449323225466	2.4069153375472587e-5
3840	252	3840	3840	40.61191499455449	41.22528278615097	2.49770666304534e-5
3856	252	3856	3856	39.69313756444864	40.09930100648358	2.539194595380223e-5
3872	252	3872	3872	40.81440738305827	41.13255041643408	2.503389758717466e-5
3888	252	3888	3888	40.89169509866055	41.331208792432676	2.538360215207086e-5
3904	252	3904	3904	40.77752056070117	41.29724107155021	2.558499435628413e-5
3920	252	3920	3920	40.83770335839729	41.25207987772323	2.529678284532288e-5
3936	252	3936	3936	40.82318474296903	41.26433184515781	2.589538866593656e-5
3952	252	3952	3952	40.8600912439624	41.292109543047744	2.5872278172371672e-5
3968	252	3968	3968	40.662165988194616	41.2147572204147	2.565614757955605e-5
3984	252	3984	3984	40.89594799013312	41.407775250859466	2.7335959879981992e-5
4000	252	4000	4000	40.78607955931248	41.18548548618052	2.667832256425614e-5
4016	252	4016	4016	40.853032833116146	41.373747060741735	2.7270769762766635e-5
4032	252	4032	4032	40.87347424671693	41.380135567044356	2.9627136079351315e-5
4048	252	4048	4048	40.61993425113486	41.33693098778351	2.9342531807016018e-5
4064	252	4064	4064	40.593310447351065	41.35466558426614	2.7362687080014848e-5
4080	252	4080	4080	40.714676031934985	41.34756518726662	3.0339115493029544e-5
4096	252	4096	4096	39.123891171161446	39.63519820763407	3.075318094881999e-5
4112	252	4112	4112	39.51958429354413	39.82852623971525	2.900775028648141e-5
4128	252	4128	4128	38.67032890104491	39.120277102824254	3.0614862686508826e-5
4144	252	4144	4144	38.631055943353395	38.973184504033256	3.006293667991498e-5
4160	252	4160	4160	38.590938717328584	39.02951817431785	3.3037269010731065e-5
4176	252	4176	4176	41.024560282501774	41.32647079050847	3.306655973400253e-5
4192	252	4192	4192	40.9429815607338	41.43650827048492	3.6713461474707574e-5
4208	252	4208	4208	40.965982570866444	41.388559685171025	3.355280936025567e-5
4224	252	4224	4224	40.84157885406753	41.42661694168003	3.134172962531369e-5
4240	252	4240	4240	40.984255346015374	41.47845635176857	3.475375051428499e-5
4256	252	4256	4256	40.971130500195265	41.53356887102687	4.0105865654987304e-5
4272	252	4272	4272	41.059748557521736	41.64535620276024	3.670983246936612e-5
4288	252	4288	4288	40.76180540156373	41.566710410000226	3.945309736103345e-5
4304	252	4304	4304	40.73684902908823	41.494390775142485	3.7385133668092635e-5
4320	252	4320	4320	40.82796584147366	41.64080720565537	3.5429885286533204e-5
4336	252	4336	4336	40.853420021649185	41.633538702326845	3.6882803215591806e-5
4352	252	4352	4352	40.599838484659024	41.2503356892851	3.9100874123843914e-5
4368	252	4368	4368	39.75968469030056	40.24311401108296	3.890183798321524e-5
4384	252	4384	4384	40.92665470326278	41.46692919136326	4.0177775195547366e-5
4400	252	4400	4400	40.872739965489	41.36928981205559	4.22641485472388e-5
4416	252	4416	4416	40.91592628152795	41.46495728044435	4.079819289865495e-5
4432	252	4432	4432	40.90982521197822	41.486560718580904	4.249393167041915e-5
4448	252	4448	4448	40.86941067745374	41.44125256090314	4.181162806728282e-5
4464	252	4464	4464	40.933427485970626	41.51699989374539	4.378755341940364e-5
4480	252	4480	4480	40.78525518112131	41.340515794605885	4.345305333689981e-5
4496	252	4496	4496	40.92160156416112	41.49860612436194	4.457614564487513e-5
4512	252	4512	4512	40.92466641381173	41.507290205848015	4.419948664190852e-5
4528	252	4528	4528	40.95123326992837	41.55502728704163	4.6349692416968136e-5
4544	252	4544	4544	40.732306754104144	41.499392100104394	4.492173956828428e-5
4560	252	4560	4560	40.80560983500145	41.58741371309825	4.620586509300619e-5
4576	252	4576	4576	40.77549676973105	41.45179008769876	4.5219345714299976e-5
4592	252	4592	4592	40.814556554445446	41.456829541824746	4.606108732499482e-5
4608	252	4608	4608	40.60448910588764	41.297953423563946	4.602289190195229e-5
4624	252	4624	4624	41.07181604343803	41.447720675820996	4.759321714628957e-5
4640	252	4640	4640	41.009280875196566	41.59915077748587	4.821485259176142e-5
4656	252	4656	4656	41.08591116146941	41.589583887887756	4.994990147058008e-5
4672	252	4672	4672	40.975947005769186	41.55455412315874	4.935354569439497e-5
4688	252	4688	4688	41.02579397148008	41.535395981106014	4.816490510123018e-5
4704	252	4704	4704	41.05800173967269	41.709151467776515	5.094464464835114e-5
4720	252	4720	4720	41.03171369808281	41.56887372945027	5.081207695527085e-5
4736	252	4736	4736	40.90301848309448	41.49575544923009	4.9664584438916375e-5
4752	252	4752	4752	41.12677467966691	41.5588442763643	5.223390734591947e-5
4768	252	4768	4768	41.05521358615458	41.42896297121925	5.3883818648465754e-5
4784	252	4784	4784	41.105010640335635	41.58085647459615	5.300247311431488e-5
4800	252	4800	4800	40.90922004172994	41.68900594152236	5.286155797454695e-5
4816	252	4816	4816	40.89879829442087	41.56095207890872	5.3163601012319474e-5
4832	252	4832	4832	40.93867372181112	41.65208505145163	5.568346816373358e-5
4848	252	4848	4848	41.006535948640085	41.567456578504455	5.46713674065996e-5
4864	252	4864	4864	40.72044734101223	41.400746039522346	5.4349566387683774e-5
4880	252	4880	4880	41.011595572875805	41.44027357824164	5.6926274045387156e-5
4896	252	4896	4896	41.04000426675311	41.42041877337739	5.4880440588561494e-5
4912	252	4912	4912	41.01138635669118	41.483367868116	5.619267203631713e-5
### Coordinate 3 = 252 runs
16	16	252	16	3.770188212666575	3.404779037740999	7.941821057362622e-12
32	32	252	32	8.369287441003799	7.639482498193997	5.694337539352465e-11
48	48	252	48	12.730219537350816	11.304831376140784	1.2979990260581888e-10
64	64	252	64	15.407294543376821	13.56504606097446	2.567289450144359e-10
80	80	252	80	17.351042589590843	15.743049252597848	5.0973263243612e-10
96	96	252	96	20.026025600999066	16.366692692784643	8.716585074942522e-10
112	112	252	112	21.82190785700631	18.11774509064793	1.1685106379378547e-9
128	128	252	128	23.292448188975786	19.636781116150562	1.6461040059080432e-9
144	144	252	144	25.907855692644073	22.0523172983316	2.773886676282588e-9
160	160	252	160	27.184240810640496	23.725378385278713	3.0773086212310715e-9
176	176	252	176	29.470589935158035	25.240243193152363	3.4890625557502986e-9
192	192	252	192	31.122377053933985	26.90898031018062	5.306802373398785e-9
208	208	252	208	32.35990718744461	30.727462496680438	6.9489318788626176e-9
224	224	252	224	34.26007288438408	29.994136495699074	7.977635459514249e-9
240	240	252	240	36.67935078046129	33.34776796641124	9.025754302834173e-9
272	272	252	272	37.36621822718595	34.760905101391586	1.4275006070704508e-8
288	288	252	288	39.97564956953557	38.594988644127255	1.586156089813551e-8
304	304	252	304	40.33298811597917	39.07043600364384	1.7991346769921016e-8
320	320	252	320	38.664263335565856	36.51140415416832	2.0535345991442095e-8
336	336	252	336	39.31105253176428	35.69987417114043	2.314411552244897e-8
352	352	252	352	41.52465192269138	40.10063492420242	2.3743018333477277e-8
368	368	252	368	41.69026452185689	40.36017420459282	2.834133341051345e-8
384	384	252	384	41.96332449378705	40.892353175674174	3.248634166380373e-8
400	400	252	400	42.16432006504516	41.00184009994198	3.8644276062329515e-8
416	416	252	416	42.40874642897343	41.35914076392347	4.147000706530573e-8
432	432	252	432	42.854452906731986	41.74031217424529	4.6517208599039666e-8
448	448	252	448	42.9093377132851	41.7384897616625	5.027848232959306e-8
464	464	252	464	43.133399717370956	40.28003726980144	5.439673307421539e-8
480	480	252	480	43.55006932586457	42.36765216680628	5.720246635033539e-8
496	496	252	496	43.51532407742925	40.79352565312065	6.129241819068875e-8
512	512	252	512	43.118392629567566	40.31482654279747	6.750964562386672e-8
528	528	252	528	43.47442858782735	42.38220411861709	7.696523234286895e-8
544	544	252	544	43.596477013248034	41.06469161988609	8.683802709683805e-8
560	560	252	560	43.620063677172496	41.242641015962846	9.791296793574293e-8
576	576	252	576	43.87724455326464	41.439466113595586	1.1203775735067253e-7
592	592	252	592	43.805224148122555	41.51817776246282	1.1679839645766379e-7
608	608	252	608	43.99387096294313	41.6568217528738	1.2385189678129648e-7
624	624	252	624	44.117993438464325	41.75058723413308	1.350835158107755e-7
640	640	252	640	44.283028318491056	42.068800873987946	1.3810292269400748e-7
656	656	252	656	44.10016332501882	43.03427027583664	1.4403318384735734e-7
672	672	252	672	44.48276070318065	42.33138575296666	1.5649822170101025e-7
688	688	252	688	44.5563304759105	42.378642398737696	1.592752212765213e-7
704	704	252	704	44.660939192113915	42.49595592500964	1.7256882079939541e-7
720	720	252	720	44.788395873428534	42.723884410485724	1.723173286071224e-7
736	736	252	736	44.800143352695635	42.837779212077024	2.0407655723098423e-7
752	752	252	752	44.76135221635537	42.80993541199645	2.3563013298836312e-7
768	768	252	768	45.052436825019626	43.067856968745694	2.2845325670306873e-7
784	784	252	784	44.720074817692506	42.69174444097928	2.591086026500363e-7
800	800	252	800	44.78957087283773	42.810909986664065	2.7861958931482566e-7
816	816	252	816	44.94046294412817	43.0738638737421	2.89639823398369e-7
832	832	252	832	44.964637996155695	43.1503664209678	3.055589745434156e-7
848	848	252	848	45.00377901524328	43.212020011891916	3.2931966578253117e-7
864	864	252	864	45.2633357328434	43.457287147253304	3.476915437480062e-7
880	880	252	880	45.22255997413852	43.41169769478353	3.4588573148399236e-7
896	896	252	896	45.214696333962245	43.462529451416955	3.6930668708845297e-7
912	912	252	912	45.34951596683873	43.60174555105351	3.8547755253091114e-7
928	928	252	928	45.43016801878012	43.65013755417904	3.9529788927976685e-7
944	944	252	944	45.385057029604106	43.67969610237289	4.0330891565702e-7
960	960	252	960	45.59978405980236	43.91531687719769	4.255807898387643e-7
976	976	252	976	45.529661289797936	43.89734896472158	4.340123078466987e-7
992	992	252	992	45.60726614389057	43.92455563283682	4.516290361628147e-7
1008	1008	252	1008	45.65586981999678	44.072699744985805	4.655755977467096e-7
1024	1024	252	1024	45.397000527902755	43.629901856677535	4.902544309269816e-7
1040	1040	252	1040	45.451671937699125	43.781070073666456	5.611262952586042e-7
1056	1056	252	1056	45.568198385751536	43.94631331246458	5.773418800520118e-7
1072	1072	252	1072	45.48853182908294	43.93641824521041	6.371117763711208e-7
1088	1088	252	1088	45.540662599733054	43.95999760676495	6.639069351678705e-7
1104	1104	252	1104	45.65134656748147	44.07036168777225	7.092545752109453e-7
1120	1120	252	1120	45.62401754043814	44.08667804901588	7.317422271462165e-7
1136	1136	252	1136	45.62438164882819	44.106351094999305	7.802860415927199e-7
1152	1152	252	1152	45.81620299703924	44.307511799833726	7.985600963965593e-7
1168	1168	252	1168	45.72451588325476	44.18448409260911	8.358857474320485e-7
1184	1184	252	1184	45.78071508418694	44.314516183913014	8.553983646038945e-7
1200	1200	252	1200	45.93859080891443	44.39554018611186	8.696378824469693e-7
1216	1216	252	1216	45.8997561576341	44.48259494180885	9.184106190431135e-7
1232	1232	252	1232	45.84955222739141	44.329990498977395	9.404937860010931e-7
1248	1248	252	1248	45.93788412046629	44.483756922376585	9.840268118818947e-7
1264	1264	252	1264	45.82701363231079	44.43696049936526	9.92976810382503e-7
1280	1280	252	1280	45.961478632347095	44.50055079127643	1.028490516381767e-6
1296	1296	252	1296	45.69630333321305	44.19967908329024	1.0641622822227198e-6
1312	1312	252	1312	45.703175531100314	44.19068688491619	1.0867381204526738e-6
1328	1328	252	1328	45.64800148646138	44.261259478912585	1.1229819481558497e-6
1344	1344	252	1344	45.723690881080465	44.38182050985988	1.1520607060236709e-6
1360	1360	252	1360	45.72094929448755	44.28397611596987	1.1683403651233787e-6
1376	1376	252	1376	45.78220058915716	44.22941703967286	1.2269332813470573e-6
1392	1392	252	1392	45.71152454526851	44.25335172074778	1.2026284919936027e-6
1408	1408	252	1408	45.99243319179487	44.61833649194719	1.248839329789864e-6
1424	1424	252	1424	45.82929009448129	44.43642064404866	1.3260045096735064e-6
1440	1440	252	1440	45.87688655769513	44.55247859073757	1.3064513939275706e-6
1456	1456	252	1456	45.882220141592114	44.3986483035791	1.3653786095347134e-6
1472	1472	252	1472	46.01618097504188	44.61860932020427	1.408859282895375e-6
1488	1488	252	1488	46.03632696695989	44.66228165185056	1.595163911864236e-6
1504	1504	252	1504	46.03855454528108	44.649291831455415	1.6221062136499018e-6
1520	1520	252	1520	45.97437991141404	44.55645403141818	1.7282135229324517e-6
1536	1536	252	1536	45.74045184059145	44.133782589735155	1.7766159008095474e-6
1552	1552	252	1552	45.91043589766135	44.399740028287034	1.8262473422055977e-6
1568	1568	252	1568	45.85771596324319	44.437084419833255	1.8665451705158928e-6
1584	1584	252	1584	45.877188848872095	44.55890855422407	1.948579673561755e-6
1600	1600	252	1600	45.881153538483154	44.45755717569572	2.0448552461349745e-6
1616	1616	252	1616	45.84589825446161	44.52079562835113	2.0831269078118805e-6
1632	1632	252	1632	45.946419403534584	44.57644548521533	2.1665309632362673e-6
1648	1648	252	1648	45.91023989755237	44.65587065891729	2.3153211169085314e-6
1664	1664	252	1664	45.99744933539094	44.64476560406562	2.283174473988733e-6
1680	1680	252	1680	45.91614466057343	44.6064657897656	2.4316302729956007e-6
1696	1696	252	1696	45.98105992750177	44.72524687080864	2.4830338366204585e-6
1712	1712	252	1712	45.905436705305306	44.67959534483381	2.446560118812548e-6
1728	1728	252	1728	46.02261124452121	44.69210110846771	2.566830446219226e-6
1744	1744	252	1744	45.92725888231798	44.403954537550604	2.587733696534066e-6
1760	1760	252	1760	45.922329044717756	44.41108061568155	2.635463197306584e-6
1776	1776	252	1776	45.94148692562239	44.604899571511396	2.7393019875210014e-6
1792	1792	252	1792	45.97247452446857	44.14953267254945	2.8254601734975634e-6
1808	1808	252	1808	45.7604555015401	44.34962686384856	2.7359664124549163e-6
1824	1824	252	1824	45.84302255968592	44.09150508474139	2.838896084811654e-6
1840	1840	252	1840	45.70988448542257	44.16693423153508	2.9760569889116116e-6
1856	1856	252	1856	45.73129294378855	44.242384783793526	2.9799062580403697e-6
1872	1872	252	1872	45.86391875882446	44.2540737888723	3.014485021592523e-6
1888	1888	252	1888	45.84479367363192	44.35683943383945	3.1200679572682372e-6
1904	1904	252	1904	45.71028617925268	44.261952158950976	3.180281004170293e-6
1920	1920	252	1920	45.863745954112275	44.23380842540875	3.2403859012232033e-6
1936	1936	252	1936	45.65158184001498	44.180603593073904	3.2636859885269974e-6
1952	1952	252	1952	45.59029313612732	44.03614870599501	3.3519747261819773e-6
1968	1968	252	1968	45.70173927530866	44.40236354741021	3.324386945765704e-6
1984	1984	252	1984	45.71112723135672	44.27321351700856	3.4079382418998973e-6
2000	2000	252	2000	45.666327268753705	44.2825393387266	3.4625406020182065e-6
2016	2016	252	2016	45.65447980614758	44.240779329357665	3.4878506646467044e-6
2032	2032	252	2032	45.48316464264764	44.16260941345674	3.5603486354513355e-6
2048	2048	252	2048	44.324019008889294	43.5868897091155	3.7496559702196966e-6
2064	2064	252	2064	44.64682408782698	44.03190879736704	3.816268548861938e-6
2080	2080	252	2080	44.65611175431039	43.98581064359881	4.021726511618063e-6
2096	2096	252	2096	44.721609995105666	44.28468941233067	3.952875325307291e-6
2112	2112	252	2112	44.71066219660978	44.05585328272485	4.277119988895828e-6
2128	2128	252	2128	44.76344233468901	44.0180324795319	4.355073084879008e-6
2144	2144	252	2144	44.79437182420207	43.966891724925794	4.552207191065088e-6
2160	2160	252	2160	44.927891444071825	44.1836918777163	4.7687499168181635e-6
2176	2176	252	2176	45.063576997620466	44.08004890567349	4.7242497720043725e-6
2192	2192	252	2192	45.01016454233464	44.31172375447768	4.90696957649186e-6
2208	2208	252	2208	45.14828158353221	44.26003323051403	5.064800349897844e-6
2224	2224	252	2224	45.11113720560834	44.33049232032363	5.275326755743108e-6
2240	2240	252	2240	45.16251583749244	44.22226982562872	5.382249092371549e-6
2256	2256	252	2256	45.13456859135666	44.29495664552917	5.609154151461013e-6
2272	2272	252	2272	45.24481621901592	44.280629629025725	5.675797333567628e-6
2288	2288	252	2288	45.227724166042776	44.243644423144026	5.671257446403821e-6
2304	2304	252	2304	45.216842922118566	43.81925387933123	5.970644453231075e-6
2320	2320	252	2320	45.186572726638765	44.01874577394957	6.154341932237921e-6
2336	2336	252	2336	45.15794409881919	43.9629944447133	6.174765032038626e-6
2352	2352	252	2352	45.098342652501685	44.061235624928635	6.2828321353150476e-6
2368	2368	252	2368	45.28147899392001	43.99607962589142	6.500271840853964e-6
2384	2384	252	2384	45.220383659931365	44.07878088762291	6.763469470887728e-6
2400	2400	252	2400	45.41853597689874	44.092589516937636	6.673973756567848e-6
2416	2416	252	2416	45.24042617444078	44.14911054520736	6.789175742957145e-6
2432	2432	252	2432	45.39099515663695	43.81519663634712	6.972453795910098e-6
2448	2448	252	2448	45.37489722444829	44.16762257535889	7.131322741567627e-6
2464	2464	252	2464	45.420047222740216	44.02896985299385	7.148256474075548e-6
2480	2480	252	2480	45.445294013073074	44.09895020851531	7.176653561053762e-6
2496	2496	252	2496	45.42334144749263	44.107560126127474	7.354217473301595e-6
2512	2512	252	2512	45.44165058945245	44.09304109249155	7.4917431073749565e-6
2528	2528	252	2528	45.44593002218367	43.9946159182728	7.625712007964985e-6
2544	2544	252	2544	45.507048777412734	44.10175885781831	7.718067912181968e-6
2560	2560	252	2560	45.163207367617055	42.604933475001744	7.823819173696948e-6
2576	2576	252	2576	45.47411877531113	43.855006814024364	7.984756323516643e-6
2592	2592	252	2592	45.51869187617169	43.936039741643405	8.134287168055984e-6
2608	2608	252	2608	45.4938604584332	43.83175903483453	8.163375096362727e-6
2624	2624	252	2624	45.37410036023149	43.602840927980985	8.078229952436492e-6
2640	2640	252	2640	45.44530413393027	43.50775104324585	8.44051807393252e-6
2656	2656	252	2656	45.45150613417609	43.43598749804651	8.641838473233597e-6
2672	2672	252	2672	45.31120961331177	43.362081948524896	8.509254573605326e-6
2688	2688	252	2688	45.56140543400052	43.61055518237802	8.66192080338813e-6
2704	2704	252	2704	45.14945128422317	43.15225710458478	8.727743805964782e-6
2720	2720	252	2720	45.40300069321641	43.34523316321257	8.8388382706803e-6
2736	2736	252	2736	45.603546351619144	43.31600865564533	9.054806805192366e-6
2752	2752	252	2752	45.59149492972431	43.336995335306106	8.981148779977509e-6
2768	2768	252	2768	45.50262073513454	43.576901897317526	9.097839259927833e-6
2784	2784	252	2784	45.412033127215686	43.56115491923836	9.328662476841103e-6
2800	2800	252	2800	45.291378074104315	43.189466507792154	9.33062596863875e-6
2816	2816	252	2816	45.504634689282526	43.18677632839701	9.377271258953278e-6
2832	2832	252	2832	45.56847797532657	43.25854071676366	9.515963674095835e-6
2848	2848	252	2848	45.486352524525934	43.41945520431697	9.723701328987952e-6
2864	2864	252	2864	45.6826251975616	43.54700076740768	9.701651585810617e-6
2880	2880	252	2880	45.80908987987416	43.62909039982089	1.00505653542537e-5
2896	2896	252	2896	45.713789295193465	43.6273779959383	1.0311075962632555e-5
2912	2912	252	2912	45.639917038933	43.63665020767732	1.041458988534664e-5
2928	2928	252	2928	45.66956315532907	43.62050519071359	1.094642181727636e-5
2944	2944	252	2944	45.73544512155808	43.36200155228155	1.099733963528119e-5
2960	2960	252	2960	45.77659522988799	43.59604773666716	1.1221821020411867e-5
2976	2976	252	2976	45.66412160020863	43.552696361798425	1.1706320367816354e-5
2992	2992	252	2992	45.683305411900555	43.545310579466005	1.2012064406512255e-5
3008	3008	252	3008	45.630515227234795	43.5137297386755	1.2099568551902844e-5
3024	3024	252	3024	45.64986173281908	43.52005006282357	1.2585545797162749e-5
3040	3040	252	3040	45.62585415934044	43.45945586442925	1.2741730167022858e-5
3056	3056	252	3056	45.68997409272873	43.452888766566886	1.3076946977792187e-5
3072	3072	252	3072	45.529251463130265	42.05667572851184	1.3627663870890998e-5
3088	3088	252	3088	45.94007787430703	43.327689581276914	1.375172938012274e-5
3104	3104	252	3104	45.89687794297373	43.33931344409118	1.43182403727009e-5
3120	3120	252	3120	45.86429629878919	43.292931245760144	1.4181960482990121e-5
3136	3136	252	3136	45.934012286155124	43.37947856574572	1.4276587831468138e-5
3152	3152	252	3152	45.91892760924616	43.294498303500795	1.4811904137004356e-5
3168	3168	252	3168	45.93192023786841	43.359681182461486	1.465414618323774e-5
3184	3184	252	3184	45.976679269204595	43.307148237426716	1.524003467028808e-5
3200	3200	252	3200	45.986256195562206	43.12047436732788	1.5648205948901172e-5
3216	3216	252	3216	45.982507262346026	43.27899550659511	1.5604639435175225e-5
3232	3232	252	3232	45.97965553664036	43.29023972377107	1.625295274322584e-5
3248	3248	252	3248	45.95229914642003	43.24578852151064	1.6528256223694786e-5
3264	3264	252	3264	46.021042805917496	43.318989352058914	1.6646004400033858e-5
3280	3280	252	3280	45.95854457661957	43.19083400308967	1.682332519707037e-5
3296	3296	252	3296	45.90941263613155	43.082160619040906	1.69658472844122e-5
3312	3312	252	3312	45.77545582054479	42.58424507074627	1.7374293875778127e-5
3328	3328	252	3328	45.99259848891655	42.62357243320385	1.7726395301697086e-5
3344	3344	252	3344	45.82403323899802	42.16824761631053	1.7886806701799505e-5
3360	3360	252	3360	45.798242521046035	42.47594544055557	1.8226867448816687e-5
3376	3376	252	3376	45.76513004745668	42.59746262051157	1.865575392879078e-5
3392	3392	252	3392	45.565561632980064	42.36928457479917	1.859918028466965e-5
3408	3408	252	3408	45.70110321976685	42.087225255042036	1.8863787175536023e-5
3424	3424	252	3424	45.786637132362195	42.21786392059234	1.9391833244476317e-5
3440	3440	252	3440	45.70402288104556	41.94939687389926	1.9426131267771958e-5
3456	3456	252	3456	45.81315009972091	42.830120726458794	1.9439888359796896e-5
3472	3472	252	3472	45.82881365062525	42.229945824846524	1.99215763474356e-5
3488	3488	252	3488	45.825977648375776	42.19192094248498	2.003097426911756e-5
3504	3504	252	3504	45.93300278221444	42.34202500917943	2.0196389847951617e-5
3520	3520	252	3520	46.02213256788198	42.641415247830935	2.0400380841438404e-5
3536	3536	252	3536	46.00668725850393	42.78899590643737	2.1272575395215204e-5
3552	3552	252	3552	45.94949639373069	42.89516895398682	2.0755258235186473e-5
3568	3568	252	3568	45.98410692255754	42.81100701089691	2.1122783629158808e-5
3584	3584	252	3584	45.65108204258839	41.6187313946759	2.1110123278550504e-5
3600	3600	252	3600	46.00388895921737	42.63590331256185	2.1427040787047764e-5
3616	3616	252	3616	46.070410480885656	42.68974260300558	2.1547223357090922e-5
3632	3632	252	3632	46.00074247668427	42.62700796658077	2.1958123814517238e-5
3648	3648	252	3648	46.11232436073392	42.75323701571707	2.206945985184037e-5
3664	3664	252	3664	45.958976564686814	42.55255194087289	2.24645667847095e-5
3680	3680	252	3680	45.90247700463395	42.60621679807486	2.2993259461923594e-5
3696	3696	252	3696	46.07037988029055	42.532864492113255	2.2553920299750444e-5
3712	3712	252	3712	46.03428573958879	42.56093855400308	2.3478764385695027e-5
3728	3728	252	3728	45.92375252951728	42.53645020090421	2.3190075433912456e-5
3744	3744	252	3744	46.07427440363303	42.669802178778475	2.3091800210101977e-5
3760	3760	252	3760	46.04815729571676	42.54471546162054	2.3822459882916633e-5
3776	3776	252	3776	46.061682697691936	42.63318554017935	2.3341973406173773e-5
3792	3792	252	3792	46.00215448407998	42.44676746868634	2.4137636657263045e-5
3808	3808	252	3808	45.971903857869684	42.5858174497786	2.4222248891826853e-5
3824	3824	252	3824	46.00985443871979	42.44042387802769	2.4258101874321503e-5
3840	3840	252	3840	46.026089716455445	42.123834248480875	2.4546821732629724e-5
3856	3856	252	3856	45.909859309399735	42.24070203421257	2.4805756756772173e-5
3872	3872	252	3872	45.9461162084509	42.32644810942172	2.5300697344362175e-5
3888	3888	252	3888	45.97502381796567	42.27612136278473	2.519526829909403e-5
3904	3904	252	3904	45.89781765072491	42.45934135990876	2.5256655020267965e-5
3920	3920	252	3920	45.93135384650139	42.32513336135092	2.5692834313328372e-5
3936	3936	252	3936	45.94292509681975	42.31349481737865	2.5660578370321333e-5
3952	3952	252	3952	45.82906867102624	42.236601130998935	2.5506679368948473e-5
3968	3968	252	3968	45.834478379146596	42.25458932727456	2.641975459444644e-5
3984	3984	252	3984	45.84503701552195	42.036621661856564	2.6476944093461247e-5
4000	4000	252	4000	45.78139555642675	41.87852457782524	2.668566247117703e-5
4016	4016	252	4016	45.91012080500584	41.796952523604375	2.6846715431233207e-5
4032	4032	252	4032	45.96376643002721	42.16259419689675	2.7114905653831973e-5
4048	4048	252	4048	45.89343854724554	41.940688360140015	2.7484092087083818e-5
4064	4064	252	4064	45.88836578597733	42.034037187839786	2.775018728478244e-5
4080	4080	252	4080	45.75317102936391	41.72827659310682	2.77944965189422e-5
4096	4096	252	4096	44.77266937307877	40.42988681033695	2.8264136665715463e-5
4112	4112	252	4112	45.39632187620792	41.29011996108666	2.981845597828064e-5
4128	4128	252	4128	45.481963181382675	41.57615047741366	2.943108727833869e-5
4144	4144	252	4144	45.42592303994106	41.59757478226371	2.9775204838165105e-5
4160	4160	252	4160	45.37203221692124	41.67945553734719	2.9906567406932272e-5
4176	4176	252	4176	45.41378540991466	41.387037566605784	3.104005946433833e-5
4192	4192	252	4192	45.48705802588514	41.480230937121235	3.1422701551963825e-5
4208	4208	252	4208	45.57161697539595	41.67415306592133	3.334480356313737e-5
4224	4224	252	4224	45.50788632947216	41.92293693524261	3.351668338658702e-5
4240	4240	252	4240	45.59642456042423	41.91351667127097	3.258701005033796e-5
4256	4256	252	4256	45.65282236968068	42.06476451763795	3.344572185932489e-5
4272	4272	252	4272	45.64734066923333	41.98996927779155	3.421320888193755e-5
4288	4288	252	4288	45.666837551046335	42.2102812793402	3.607484646788412e-5
4304	4304	252	4304	45.6706275890961	42.02861893185763	3.532252920689042e-5
4320	4320	252	4320	45.69604409370509	42.16273774358229	3.65043657941686e-5
4336	4336	252	4336	45.68467537998092	42.099532752866985	3.7182216338232746e-5
4352	4352	252	4352	45.54881531007113	41.87199720107991	3.82199186012352e-5
4368	4368	252	4368	45.598573129455545	41.961643048616885	3.8771046074458686e-5
4384	4384	252	4384	45.67164098162549	42.1245056015511	3.977474709658404e-5
4400	4400	252	4400	45.6989387250179	42.06498798016024	3.938650617585085e-5
4416	4416	252	4416	45.75156347082395	42.32778352816033	3.977675676463287e-5
4432	4432	252	4432	45.719170738332345	42.175851398414565	4.067147951604028e-5
4448	4448	252	4448	45.79589934464017	42.24456717694979	4.0287239729871136e-5
4464	4464	252	4464	45.83050178281864	42.2093596314951	4.1732233647367505e-5
4480	4480	252	4480	45.7318884980974	42.280442654866114	4.207492676853871e-5
4496	4496	252	4496	45.82677435733485	42.28700489739071	4.3651114784432657e-5
4512	4512	252	4512	45.78583000256127	42.34195065547079	4.318100440881728e-5
4528	4528	252	4528	45.76530409535948	42.31860854258971	4.400324758884432e-5
4544	4544	252	4544	45.834550414277274	42.52036851041428	4.4936763535424995e-5
4560	4560	252	4560	45.82808026404683	42.364164064462756	4.42073229066816e-5
4576	4576	252	4576	45.79782836872186	42.48636143402134	4.5568676762004315e-5
4592	4592	252	4592	45.78632558353625	42.40564267872283	4.562863057545893e-5
4608	4608	252	4608	44.96545835692956	41.574259292794466	4.641763136151764e-5
4624	4624	252	4624	45.88761929932518	42.29748794108321	4.6330985990720065e-5
4640	4640	252	4640	45.841446644251704	42.44926238306639	4.683476447344357e-5
4656	4656	252	4656	45.824215732584136	42.36845798078252	4.7912829537213997e-5
4672	4672	252	4672	45.768307464710304	42.3676668902852	4.867776721091611e-5
4688	4688	252	4688	45.71654401141952	41.86580250600507	4.8458429573278305e-5
4704	4704	252	4704	45.842443281811185	41.94794851332753	4.993713280425668e-5
4720	4720	252	4720	45.67037913269162	41.674041429220324	4.9250030722929894e-5
4736	4736	252	4736	45.842646549188146	42.579835798591574	5.1311914353738276e-5
4752	4752	252	4752	45.580844800704355	41.87965963584087	5.120243677925926e-5
4768	4768	252	4768	45.74654727145798	41.87334446238214	5.102871266702422e-5
4784	4784	252	4784	45.837271819377094	42.038120943210046	5.187415897169018e-5
4800	4800	252	4800	45.85301293846435	42.143957175767724	5.205076068497816e-5
4816	4816	252	4816	45.8153030576745	42.21833891772612	5.250570417897781e-5
4832	4832	252	4832	45.81105840143512	42.31151184761481	5.280604871804639e-5
4848	4848	252	4848	45.764170766253955	41.8981046395149	5.497099560218342e-5
4864	4864	252	4864	45.88972309453691	42.46609260137257	5.319690336979081e-5
4880	4880	252	4880	45.83682085686019	42.12390234514499	5.411363201542515e-5
4896	4896	252	4896	45.97433912852907	42.54765498139278	5.500020009655333e-5
4912	4912	252	4912	45.981113769146674	42.6059187437976	5.4937863318248e-5
### Coordinate 4 = 252 runs
16	16	16	252	4.067346454825706	3.892652482269503	3.310610686312665e-12
32	32	32	252	9.979273900212752	9.697099033011003	2.3855822380217434e-11
48	48	48	252	15.87359911813338	15.628638938193165	9.38147201539514e-11
64	64	64	252	19.89495607799135	19.254505559894383	1.5210058307542112e-10
80	80	80	252	23.039805688385762	22.298130453717842	3.3055597135100244e-10
96	96	96	252	26.912093444768907	26.053249174455022	6.689134132210866e-10
112	112	112	252	28.758410671940496	27.729712167082166	1.0014424644227404e-9
128	128	128	252	30.683764896060243	29.609098756126038	1.2524795480625479e-9
144	144	144	252	33.02043606591656	31.631186440677965	1.95494569183172e-9
160	160	160	252	33.74882607700935	32.608440253516775	2.64956771320222e-9
176	176	176	252	35.11920456998753	33.839769564257445	3.4352384227513105e-9
192	192	192	252	37.00702715902	35.63068865192106	4.301857253746567e-9
208	208	208	252	37.70951186768899	36.26124427195787	6.612144327332697e-9
224	224	224	252	38.240504028787925	36.77680409593101	7.765870578660591e-9
240	240	240	252	39.60439210293519	37.797342374364305	8.859045363965264e-9
272	272	272	252	37.74489456606405	37.06751402783349	1.2919478490022088e-8
288	288	288	252	37.74080816716765	37.02476715473538	1.621812094679847e-8
304	304	304	252	36.775198156252685	36.09651691440675	1.969037066387569e-8
320	320	320	252	36.06404789756361	35.235154319702275	2.2250863400450454e-8
336	336	336	252	35.96077529217554	35.074788131936415	2.315816496659342e-8
352	352	352	252	35.026798907929845	34.36906742896077	2.5563701990627998e-8
368	368	368	252	34.343236145141496	31.6720576627612	3.0551426321741035e-8
384	384	384	252	34.06806156359654	33.28820899085667	3.6276777654071006e-8
400	400	400	252	33.392493480099084	32.51432632263332	4.278765930100667e-8
416	416	416	252	32.770954833910075	31.990006174620163	4.922812911272984e-8
432	432	432	252	32.58214548856853	31.711002487934135	5.95482294055087e-8
448	448	448	252	31.740769178874174	29.512207012659303	5.985513895031153e-8
464	464	464	252	31.144187680516957	28.946550516792247	6.135253134496712e-8
480	480	480	252	30.927397655947562	28.77297538249665	6.822692728937208e-8
496	496	496	252	30.235598917154885	28.14267113967069	6.902476386609591e-8
512	512	512	252	28.204733622587852	27.087146239506776	7.729416311251532e-8
528	528	528	252	28.592154345023644	26.904237077670405	9.428117485129074e-8
544	544	544	252	28.101941686750575	26.45999620002352	1.0875359607484191e-7
560	560	560	252	27.592067741397685	25.915797891262113	1.1971752318904857e-7
576	576	576	252	27.392356126127133	25.710037878904362	1.2764896243154563e-7
592	592	592	252	26.77252204596231	25.084666677175782	1.3758064983172936e-7
608	608	608	252	26.368074291727584	24.734130736632682	1.4487380486424517e-7
624	624	624	252	26.07997026350144	24.439123767913046	1.614871450436825e-7
640	640	640	252	25.57878743291696	24.0722284393358	1.689137779197675e-7
656	656	656	252	25.103964804109427	23.541628805819073	1.734536727936418e-7
672	672	672	252	24.99013299766962	23.478761494529	1.843524748399099e-7
688	688	688	252	24.568202257986876	23.048475340904396	1.9116402576041188e-7
704	704	704	252	24.142741823242865	22.765519638949502	2.0251073476625305e-7
720	720	720	252	23.985641311689054	22.518558356366984	2.230143255891716e-7
736	736	736	252	23.551005502312506	22.173174567381544	2.414264045062609e-7
752	752	752	252	23.17008071855911	21.794902086629254	2.497681437715345e-7
768	768	768	252	22.12353088138075	21.538108236799772	2.827848701673745e-7
784	784	784	252	22.05269197900134	20.894955417561356	3.122917767399841e-7
800	800	800	252	21.781693356488987	20.663782368398355	3.418854600759109e-7
816	816	816	252	21.66795782414053	20.497898743717283	3.504743926265737e-7
832	832	832	252	21.365298075701233	20.25482569779707	3.78286675657865e-7
848	848	848	252	21.092914072756408	19.930473507127843	4.095998611518575e-7
864	864	864	252	20.957896231186492	19.841702304364418	4.1794702431882507e-7
880	880	880	252	20.614677693236658	19.493161207112063	4.499280950914151e-7
896	896	896	252	20.274926336521798	19.290826230470014	4.644863385582352e-7
912	912	912	252	20.20143491740294	19.131193254047307	4.708699150631177e-7
928	928	928	252	19.931830002033657	18.939793659249414	4.977725313510893e-7
944	944	944	252	19.66913292539153	18.661904368555337	5.213144143800653e-7
960	960	960	252	19.55520931927944	18.597597956806865	5.449375225763168e-7
976	976	976	252	19.28521509889452	18.315246019810406	5.436467396168881e-7
992	992	992	252	19.057118165287623	18.132854068875293	5.639386977773631e-7
1008	1008	1008	252	18.918430692694297	17.98951383887984	6.085093794192111e-7
1024	1024	1024	252	17.859587513185616	17.492615088877045	6.012421195033686e-7
1040	1040	1040	252	18.02155906838639	17.163866781846767	7.019800274415417e-7
1056	1056	1056	252	17.941375001518317	17.145130121267872	7.105838666895845e-7
1072	1072	1072	252	17.719556318400553	16.937807311704077	8.06609228812786e-7
1088	1088	1088	252	17.517004662460646	16.788209074579367	8.285568219965156e-7
1104	1104	1104	252	17.430620353469582	16.65437181037249	8.761958807985209e-7
1120	1120	1120	252	17.226489510696442	16.493424225867322	9.550194199687113e-7
1136	1136	1136	252	17.04323096965377	16.28929300219058	9.425941496911049e-7
1152	1152	1152	252	16.913469184251568	16.23722028555457	1.0062422165950616e-6
1168	1168	1168	252	16.733177428195546	15.987513549803966	1.0599809331815672e-6
1184	1184	1184	252	16.567868629696907	15.910964141558864	1.0967042052110784e-6
1200	1200	1200	252	16.47315132365366	15.793906408591447	1.1383611870273383e-6
1216	1216	1216	252	16.290093267253663	15.658135470444327	1.1724666942352218e-6
1232	1232	1232	252	16.102602720508884	15.435080972386944	1.1809992836783502e-6
1248	1248	1248	252	16.018794292215706	15.378382977703017	1.2765521358506298e-6
1264	1264	1264	252	15.350484055018997	15.165945278379017	1.3035588702194624e-6
1280	1280	1280	252	15.277864003513919	15.009794359352052	1.3178474408751312e-6
1296	1296	1296	252	15.234916855498444	14.657958639616002	1.3578619261023636e-6
1312	1312	1312	252	15.075583734480972	14.527795054384072	1.3803444776844242e-6
1328	1328	1328	252	14.960616790304552	14.415102178617692	1.4508654693888446e-6
1344	1344	1344	252	14.842406676666778	14.351785065187437	1.4960276051403106e-6
1360	1360	1360	252	14.705338629178348	14.179306506298973	1.5040856696688078e-6
1376	1376	1376	252	14.588831658959256	14.11140335449264	1.5152729909911569e-6
1392	1392	1392	252	14.406028193463706	13.910154092162333	1.5596603092715867e-6
1408	1408	1408	252	14.406353755984481	13.936547039838747	1.587909086440974e-6
1424	1424	1424	252	14.220881654804467	13.716507997600198	1.6838641817528476e-6
1440	1440	1440	252	14.17392544004656	13.696393276446317	1.7271291144956378e-6
1456	1456	1456	252	14.003789779924958	13.550477308628684	1.7899506244102658e-6
1472	1472	1472	252	13.944457585121324	13.531597459277814	1.8955395764123802e-6
1488	1488	1488	252	13.891684705746385	13.423167206316133	1.9656828820038426e-6
1504	1504	1504	252	13.753906184188647	13.321025202286325	2.0782045373941305e-6
1520	1520	1520	252	13.317517345020626	13.169752468789387	2.211542674589942e-6
1536	1536	1536	252	13.11780131481589	12.905636841827043	2.345891941162936e-6
1552	1552	1552	252	13.213994961255253	12.767972008431013	2.3795129574005404e-6
1568	1568	1568	252	13.132912492856248	12.712725969689345	2.503738759354149e-6
1584	1584	1584	252	13.060053608978006	12.650697585262046	2.5568521211352846e-6
1600	1600	1600	252	12.950498280117339	12.557449865969778	2.656463737588454e-6
1616	1616	1616	252	12.81622536408512	12.427768698988285	2.7804943902622317e-6
1632	1632	1632	252	12.77347847512057	12.39774945357975	2.857790598101328e-6
1648	1648	1648	252	12.64177530614557	12.2663091435599	2.962596689304273e-6
1664	1664	1664	252	12.515240132392053	12.185764496053544	3.0662918531416842e-6
1680	1680	1680	252	12.489244300504863	12.097427517020865	3.1471009026610173e-6
1696	1696	1696	252	12.397500536255043	12.05128977927253	3.128108318111168e-6
1712	1712	1712	252	12.287190492422296	11.929892107134728	3.262682319175766e-6
1728	1728	1728	252	12.234827371512909	11.899394582843984	3.3563687202490935e-6
1744	1744	1744	252	12.111823720247298	11.756467181230663	3.4079056641871467e-6
1760	1760	1760	252	12.034295130746786	11.682779690118425	3.593845300764284e-6
1776	1776	1776	252	11.728871091861631	11.631406409169855	3.685379816796949e-6
1792	1792	1792	252	11.607108543612423	11.463221102428324	3.6103348749749545e-6
1808	1808	1808	252	11.607523731034522	11.26920740325913	3.7745409003092345e-6
1824	1824	1824	252	11.554736639772116	11.238456494228792	3.8023664158630957e-6
1840	1840	1840	252	11.448902600839467	11.148873226514912	3.837338339443058e-6
1856	1856	1856	252	11.38408210205415	11.099098473396438	4.02861511866443e-6
1872	1872	1872	252	11.353697736422252	11.049393330460289	3.97539969197239e-6
1888	1888	1888	252	11.25024292507966	10.97766067383434	4.1383599193535e-6
1904	1904	1904	252	11.171129631853237	10.85851955795693	4.158265082582459e-6
1920	1920	1920	252	11.077854579595153	10.823266323236354	4.223053229402711e-6
1936	1936	1936	252	10.981858035719256	10.690916550260884	4.230355419883514e-6
1952	1952	1952	252	10.885240992018186	10.607945738475575	4.366847513300113e-6
1968	1968	1968	252	10.811727906400852	10.567289486352365	4.43405954312024e-6
1984	1984	1984	252	10.766955875444463	10.527534441867164	4.549645659484656e-6
2000	2000	2000	252	10.678068159819887	10.436764918773688	4.631571194103694e-6
2016	2016	2016	252	10.629155870962132	10.376088199825954	4.681923742614011e-6
2032	2032	2032	252	10.339952995983415	10.246984978630007	4.691275097395903e-6
2048	2048	2048	252	9.92773137871642	9.979625803147782	4.732884195894143e-6
2064	2064	2064	252	10.098761036504888	10.007304910681139	5.093010028164197e-6
2080	2080	2080	252	10.04085510069317	9.960348436623178	5.104746143446867e-6
2096	2096	2096	252	10.018497182436205	9.947837553949105	5.475401215232349e-6
2112	2112	2112	252	9.938631101655076	9.855234358864442	5.617461083881296e-6
2128	2128	2128	252	9.864041850474203	9.797546178465609	5.784875668280289e-6
2144	2144	2144	252	9.71961390868559	9.75494055894867	6.253145838911251e-6
2160	2160	2160	252	9.772172685551004	9.714240160702335	6.102257482255442e-6
2176	2176	2176	252	9.751787660575681	9.65355874156395	6.766735265991304e-6
2192	2192	2192	252	9.736217577453058	9.637673064087439	7.023949652701661e-6
2208	2208	2208	252	9.71144342882752	9.623234997911466	6.865894968232036e-6
2224	2224	2224	252	9.615443945991055	9.539205794047476	7.114255070069298e-6
2240	2240	2240	252	9.566730657655024	9.476405102364726	7.5464635487592685e-6
2256	2256	2256	252	9.500020382374682	9.419287126231943	7.443752736503421e-6
2272	2272	2272	252	9.329855729852838	9.375904108922576	7.6266437233645954e-6
2288	2288	2288	252	9.294359404425858	9.31084453279497	7.800925112073169e-6
2304	2304	2304	252	9.203154896528028	9.136195113497417	7.947363579887682e-6
2320	2320	2320	252	9.239443640405566	9.104228513930869	8.099613858630255e-6
2336	2336	2336	252	9.201355496856454	9.037773301866501	8.358050554181535e-6
2352	2352	2352	252	9.137581341324289	9.018886386826807	8.483434048726453e-6
2368	2368	2368	252	9.076218900615409	8.97378098400958	8.849897359415061e-6
2384	2384	2384	252	9.02825643806747	8.92632211666725	8.825589326591836e-6
2400	2400	2400	252	8.955981832410282	8.903606043256355	8.975967731594623e-6
2416	2416	2416	252	8.913623472672935	8.82786434630143	9.219629132734462e-6
2432	2432	2432	252	8.868712711236565	8.726141676550318	9.116259572737381e-6
2448	2448	2448	252	8.872081474097172	8.740225942437448	9.49751199898847e-6
2464	2464	2464	252	8.827417149711343	8.688686422646708	9.613258683983965e-6
2480	2480	2480	252	8.728910152398166	8.632084257954286	9.783347140174942e-6
2496	2496	2496	252	8.754911501814494	8.604671766933235	9.876570125009006e-6
2512	2512	2512	252	8.691851763504511	8.553294699388273	1.0223021974410225e-5
2528	2528	2528	252	8.538011140732891	8.502498157052576	1.0472092520026932e-5
2544	2544	2544	252	8.538293422728978	8.463535193911936	1.0476470119741575e-5
2560	2560	2560	252	8.329553643572531	8.148654865428913	1.062845626290973e-5
2576	2576	2576	252	8.464860333634492	8.269109887839225	1.071022450922883e-5
2592	2592	2592	252	8.44420379299108	8.25566460529296	1.099660264798029e-5
2608	2608	2608	252	8.398367719692263	8.185434788827589	1.1102565118075485e-5
2624	2624	2624	252	8.301152626245266	8.077971741662184	1.1101255080298864e-5
2640	2640	2640	252	8.247426456420543	8.017886733185263	1.1318096524508437e-5
2656	2656	2656	252	8.181722602543003	7.949413457240413	1.1420940535575885e-5
2672	2672	2672	252	8.145143673832447	7.9001448568326795	1.142734484085459e-5
2688	2688	2688	252	8.187755114384137	7.948547160635626	1.1639304543985875e-5
2704	2704	2704	252	8.103872936035645	7.818595530055123	1.1793344197695221e-5
2720	2720	2720	252	8.052798164169646	7.7709077527551464	1.1870605824567855e-5
2736	2736	2736	252	8.030975493650867	7.742429080023934	1.2128529180974888e-5
2752	2752	2752	252	7.9901739754106975	7.724294286009742	1.2453974755442868e-5
2768	2768	2768	252	7.963511841844349	7.726117268086325	1.2572271390909189e-5
2784	2784	2784	252	7.847030582802104	7.6763314061644	1.2591225505805725e-5
2800	2800	2800	252	7.7885311991748125	7.55490617919047	1.2747418671097157e-5
2816	2816	2816	252	7.771974642163551	7.536917803345263	1.2973298727158789e-5
2832	2832	2832	252	7.745546890257913	7.4580963292824505	1.2936516703493319e-5
2848	2848	2848	252	7.705795508152706	7.468667780295703	1.2926488940203723e-5
2864	2864	2864	252	7.738806723740396	7.477308710309058	1.3101612418748703e-5
2880	2880	2880	252	7.706337248516147	7.469298982469086	1.3256607660224613e-5
2896	2896	2896	252	7.6609037583342605	7.416934555962515	1.332087969327905e-5
2912	2912	2912	252	7.639481281200273	7.389412289119651	1.3907254620353494e-5
2928	2928	2928	252	7.620704172749044	7.344633749558309	1.4131761943401404e-5
2944	2944	2944	252	7.555625686537927	7.274060521528957	1.4628584620410101e-5
2960	2960	2960	252	7.538000197669423	7.258682321760633	1.4991723474913659e-5
2976	2976	2976	252	7.507520611588585	7.251210201125187	1.5907685760991177e-5
2992	2992	2992	252	7.486236768259281	7.203895431701363	1.578333357127803e-5
3008	3008	3008	252	7.447545563417026	7.176318661506135	1.6334337257285863e-5
3024	3024	3024	252	7.416989879140852	7.1388261499079295	1.728105594548644e-5
3040	3040	3040	252	7.310895061164618	7.106045920055234	1.7475040972054282e-5
3056	3056	3056	252	7.295155381063002	7.050863852297879	1.822223759852204e-5
3072	3072	3072	252	7.158911931377334	6.85884824695477	1.8649349443256544e-5
3088	3088	3088	252	7.258834661660317	6.954504107992589	1.8607129565717662e-5
3104	3104	3104	252	7.214163857803718	6.9387434793187674	1.9133044551781167e-5
3120	3120	3120	252	7.186519259568375	6.886016251174167	1.9760243270706636e-5
3136	3136	3136	252	7.167633210865578	6.885859402413337	2.0552499164615084e-5
3152	3152	3152	252	7.13144966410067	6.830553513602598	2.0293937329233318e-5
3168	3168	3168	252	7.096826739116341	6.826757082854401	2.0626436859870777e-5
3184	3184	3184	252	7.0863477558649075	6.767657208801692	2.1038096658135805e-5
3200	3200	3200	252	7.041496594394571	6.723249653831216	2.1088760128077807e-5
3216	3216	3216	252	7.027684981585636	6.71276418313072	2.2069761684900216e-5
3232	3232	3232	252	7.007096188892519	6.707973132313215	2.2011572446151946e-5
3248	3248	3248	252	6.959727625455516	6.647098612880247	2.266031101305962e-5
3264	3264	3264	252	6.940038638039482	6.647058857172181	2.2456124078733206e-5
3280	3280	3280	252	6.823728023486466	6.589588893236657	2.3212604003655797e-5
3296	3296	3296	252	6.8219010263022595	6.541093656996603	2.344937176116211e-5
3312	3312	3312	252	6.782565370042828	6.430589139393986	2.3693164937257887e-5
3328	3328	3328	252	6.748235553756838	6.439530033736221	2.4091302299669963e-5
3344	3344	3344	252	6.705109635375576	6.289214555939826	2.441879796155534e-5
3360	3360	3360	252	6.6280807079145285	6.240100642658188	2.4941837626588435e-5
3376	3376	3376	252	6.65696066419648	6.306182934517088	2.503804828966026e-5
3392	3392	3392	252	6.617661235868221	6.235609617685322	2.4864515329346014e-5
3408	3408	3408	252	6.578541903853893	6.114729249730039	2.549234633357488e-5
3424	3424	3424	252	6.1962734334925536	5.853415799072096	2.5757569841233456e-5
3440	3440	3440	252	6.4162848611363925	6.107809508583942	2.6521069780597894e-5
3456	3456	3456	252	6.321223237705618	6.187919871833802	2.65576820654523e-5
3472	3472	3472	252	6.365885387931929	5.915519505564892	2.673701861958509e-5
3488	3488	3488	252	6.435808631080355	6.021509242433224	2.7712410242496564e-5
3504	3504	3504	252	6.075082259857772	5.849083548317445	2.7497176989124912e-5
3520	3520	3520	252	6.334870932662829	6.062465964434215	2.793905336955048e-5
3536	3536	3536	252	6.336986541206827	6.025898992795527	2.841299400392315e-5
3552	3552	3552	252	6.312921387068524	6.087356745643233	2.8178091877544174e-5
3568	3568	3568	252	6.33348573466731	5.982778270633138	2.841594788122149e-5
3584	3584	3584	252	5.729682870182424	5.579941646454651	2.9077354846157123e-5
3600	3600	3600	252	5.605897366541605	5.240281399959872	2.905252613659137e-5
3616	3616	3616	252	5.476880248974592	5.621747521820253	2.956612688212475e-5
3632	3632	3632	252	6.257808066906591	5.904548070074005	3.0083876060436634e-5
3648	3648	3648	252	6.2553924852135365	5.915399024208397	3.059196416981923e-5
3664	3664	3664	252	6.214711805483492	5.8574606045876365	3.0688057851387656e-5
3680	3680	3680	252	6.222878395065268	5.8477057860003665	3.0458629590822895e-5
3696	3696	3696	252	6.174061580829542	5.815415627752394	3.1588676352702065e-5
3712	3712	3712	252	6.145087347149216	5.79773302829698	3.1379354772961936e-5
3728	3728	3728	252	6.132757565952407	5.75943962291764	3.2367174414324594e-5
3744	3744	3744	252	6.083479922546184	5.701960493334028	3.207515011984671e-5
3760	3760	3760	252	6.04930388993629	5.714438433234159	3.2900427643446784e-5
3776	3776	3776	252	6.039105944291468	5.7150736463505805	3.2447667706703157e-5
3792	3792	3792	252	5.814961711116184	5.597031174842908	3.283495129431154e-5
3808	3808	3808	252	5.9827712177344265	5.658852546902243	3.306270505321522e-5
3824	3824	3824	252	5.919835620512172	5.565307462920731	3.3599366125017966e-5
3840	3840	3840	252	5.590447184192475	5.549857543691882	3.3441711690769855e-5
3856	3856	3856	252	5.911693358617557	5.510640682255616	3.4089909859421656e-5
3872	3872	3872	252	5.850889904117207	5.408689687231403	3.408011214846394e-5
3888	3888	3888	252	5.87524649381884	5.492065346145638	3.47241308805666e-5
3904	3904	3904	252	5.8467138270950665	5.49881647214061	3.5115470831838935e-5
3920	3920	3920	252	5.835687995711626	5.442138487343598	3.5092750295466295e-5
3936	3936	3936	252	5.843336893125166	5.456071004320521	3.5481877064736547e-5
3952	3952	3952	252	5.693660677345074	5.179952688921141	3.573913586891926e-5
3968	3968	3968	252	5.766067663278316	5.404995236117388	3.618976396587311e-5
3984	3984	3984	252	5.735212816607291	5.336598055645029	3.616937588002433e-5
4000	4000	4000	252	5.570215150561779	5.156473465467595	3.6401167050538176e-5
4016	4016	4016	252	5.60918139349081	5.239124367609674	3.641588930664422e-5
4032	4032	4032	252	5.516546360856854	5.10329487658783	3.6923153105894464e-5
4048	4048	4048	252	5.521514075525786	5.08306286719188	3.747522058803572e-5
4064	4064	4064	252	5.080648709440884	4.946506104735234	3.747602639360897e-5
4080	4080	4080	252	5.563713377320461	5.190148793391892	3.787850555066786e-5
4096	4096	4096	252	5.262298272164336	5.010805764457808	3.849997535110912e-5
4112	4112	4112	252	5.4734020574954885	5.092020426852287	3.884413481176306e-5
4128	4128	4128	252	5.494319128034631	5.113628942222748	3.8737791882525114e-5
4144	4144	4144	252	5.484290051765199	5.086449561013816	4.021665226647869e-5
4160	4160	4160	252	5.352143669063219	4.966231665832723	4.107653132493693e-5
4176	4176	4176	252	5.4176891452115585	5.014120051966931	4.2591387187277336e-5
4192	4192	4192	252	5.416376484526344	5.0343460315580755	4.253859517817778e-5
4208	4208	4208	252	5.383630281240875	5.02700385715699	4.415529625169837e-5
4224	4224	4224	252	5.375886004942505	5.057052303138767	4.41319568242962e-5
4240	4240	4240	252	5.3796219500143625	5.018949615026934	4.65739648901336e-5
4256	4256	4256	252	5.359222623127242	5.026613328481326	4.666175798127792e-5
4272	4272	4272	252	5.3531586427999285	4.9966130959712745	4.6746878303438716e-5
4288	4288	4288	252	5.305268362146611	5.008447596553571	4.903245601208284e-5
4304	4304	4304	252	5.263029315934057	4.961166209303672	4.907011885865767e-5
4320	4320	4320	252	5.273363583589454	4.976010636017723	4.9169713628149266e-5
4336	4336	4336	252	5.247565240534383	4.938659474849584	5.064711571617418e-5
4352	4352	4352	252	5.219677106137587	4.908198947326421	5.272420823738868e-5
4368	4368	4368	252	5.21687251028346	4.859504256247916	5.179599047338356e-5
4384	4384	4384	252	5.222170741286847	4.887620250253171	5.3536950334114906e-5
4400	4400	4400	252	5.191924457592791	4.851119323753775	5.4705018284236395e-5
4416	4416	4416	252	5.172976240611183	4.877856021554454	5.543350531222673e-5
4432	4432	4432	252	5.173338669620607	4.832044589496542	5.599700146221929e-5
4448	4448	4448	252	5.161049898325037	4.840784597604907	5.617329060234937e-5
4464	4464	4464	252	5.142887809913817	4.813228723983716	5.7318071463803864e-5
4480	4480	4480	252	5.115399417137167	4.81412111995451	5.773758294533908e-5
4496	4496	4496	252	5.101953319181953	4.778575174401595	5.909962088020888e-5
4512	4512	4512	252	5.111144980384413	4.793021404681138	5.990548506797989e-5
4528	4528	4528	252	5.068154727922226	4.75891298304346	6.005468934849101e-5
4544	4544	4544	252	5.007836636586084	4.769240922861707	6.121405724070747e-5
4560	4560	4560	252	5.021653641416448	4.734511729361431	6.18040098933649e-5
4576	4576	4576	252	5.006102670722982	4.739626831743961	6.289925407798532e-5
4592	4592	4592	252	4.987565218563483	4.70560940529463	6.255492560899116e-5
4608	4608	4608	252	4.897413617096293	4.626481134038749	6.359128459072767e-5
4624	4624	4624	252	4.975552921552057	4.656245286204063	6.502907719644744e-5
4640	4640	4640	252	4.958573754490791	4.664806301757135	6.520110653570257e-5
4656	4656	4656	252	4.950644821966068	4.633507725131713	6.592138980571685e-5
4672	4672	4672	252	4.895859046840331	4.611328077937975	6.607582844736967e-5
4688	4688	4688	252	4.870258195350281	4.527742159736409	6.74304266789992e-5
4704	4704	4704	252	4.861977421187839	4.541720298696472	6.705519888135599e-5
4720	4720	4720	252	4.833505356563114	4.489769730298682	6.775312696380794e-5
4736	4736	4736	252	4.871688760680032	4.598256864467685	6.94221927513398e-5
4752	4752	4752	252	4.8221467114174095	4.469045294175882	6.966671353272906e-5
4768	4768	4768	252	4.770754510025566	4.458434740306953	7.17995779547358e-5
4784	4784	4784	252	4.776348252208284	4.453900200986622	7.080507479788538e-5
4800	4800	4800	252	4.749642279957652	4.485065510333987	7.247336577086455e-5
4816	4816	4816	252	4.750931811876813	4.472761654273827	7.289282523696536e-5
4832	4832	4832	252	4.749825881264073	4.466234936343728	7.354210830876984e-5
4848	4848	4848	252	4.728650222273725	4.386872774999293	7.386408055701993e-5
4864	4864	4864	252	4.715732326359117	4.471357918793074	7.387018874896926e-5
4880	4880	4880	252	4.692536466001232	4.390488468952276	7.437797547626884e-5
4896	4896	4896	252	4.724286159680856	4.440794335671772	7.423683731402363e-5
4912	4912	4912	252	4.712429724798867	4.421693346114061	7.594689021622689e-5
