8	8	8	8	0.34694223276300185	0.1721153038070426	1.464821375527116e-14
16	16	16	16	0.9985981593222405	0.9725173621416275	2.477747184196161e-13
24	24	24	24	2.9023724543355027	2.8351107465135357	9.235962357520249e-13
32	32	32	32	5.280476996213037	5.201682673228034	3.3261901167697472e-12
40	40	40	40	8.444942930659101	8.170299684039191	6.510991198991339e-12
48	48	48	48	12.098788392637365	11.72736671880385	1.905603025057368e-11
56	56	56	56	14.352109510675247	13.610214480847848	2.9889045845547994e-11
64	64	64	64	17.210366504177127	16.551846063992677	5.493227534513244e-11
72	72	72	72	20.129867328227807	19.55073659398939	8.028319458649607e-11
80	80	80	80	21.73820744703435	20.91225633851715	1.121890377916081e-10
88	88	88	88	23.95395309190928	23.198059657035873	1.5672892352841165e-10
96	96	96	96	26.547123953551175	25.622241529105125	2.1645209607440508e-10
104	104	104	104	27.228834586011157	26.302917638530833	3.208029038076144e-10
112	112	112	112	28.964750874914316	27.946530872056016	4.304514574396028e-10
120	120	120	120	31.10655073716045	29.930888746470824	5.036728776722675e-10
128	128	128	128	31.28338349201377	30.15564910111188	7.027234223001658e-10
136	136	136	136	31.422382671480143	29.940647326808687	9.64825999355571e-10
144	144	144	144	32.79940464257959	31.146989334237357	1.1093867100161685e-9
152	152	152	152	32.57525555163905	31.25823499698482	1.4054468446003316e-9
160	160	160	160	33.63683956598951	32.5242631717906	1.6401757956023062e-9
168	168	168	168	35.1658548795298	33.73224464533754	2.2768051381697814e-9
176	176	176	176	35.064670025132216	33.67663664554069	2.661688105476479e-9
184	184	184	184	35.64574577352563	33.2010904468647	2.9381898846765893e-9
192	192	192	192	36.87144150186562	34.883455478287445	3.6703149719243976e-9
200	200	200	200	36.932395250493975	35.348413850392255	3.993486738541142e-9
208	208	208	208	37.79721442852102	36.10917524697649	4.530485887613624e-9
216	216	216	216	38.685713243768994	36.86541595561969	6.1435973280848755e-9
224	224	224	224	37.9923335384033	36.52036057581003	6.503647995862841e-9
232	232	232	232	38.72794658115019	37.26072458557066	7.629423578181744e-9
240	240	240	240	39.339559820376664	37.84178116971727	8.021683048900318e-9
248	248	248	248	39.308137249975196	35.252219443043295	9.005460704590061e-9
256	256	256	256	37.72990641857798	37.7964611189992	1.0259089915486186e-8
264	264	264	264	38.09882953176612	36.954085416339254	1.3500162413645744e-8
272	272	272	272	37.954019270620904	35.03312354118584	1.4642437625238788e-8
280	280	280	280	38.78450368971337	35.51103734547231	1.8042497118990285e-8
288	288	288	288	39.469733320115004	36.36045262065166	1.7949113503292234e-8
296	296	296	296	39.29773818187053	36.25051726626222	1.936277643432076e-8
304	304	304	304	39.69378055327927	36.72022951398193	2.1365938423692548e-8
312	312	312	312	40.409718265305415	37.467239033802	2.352626636450948e-8
320	320	320	320	40.00280781426919	37.05674370423815	2.6013550045251947e-8
328	328	328	328	40.555626492281085	37.69398299166674	3.192243132844247e-8
336	336	336	336	41.01991760451302	38.228957689758154	3.472846810144201e-8
344	344	344	344	40.80384025917138	38.05017855482061	3.968516190911212e-8
352	352	352	352	41.30541106922724	38.594876739052	4.084834321554782e-8
360	360	360	360	41.788290930912645	39.07038673871219	4.518354446908968e-8
368	368	368	368	41.51692288788018	38.83044513448079	4.833241149412336e-8
376	376	376	376	41.972095784955826	39.27717562773803	5.087655910723418e-8
384	384	384	384	42.35038007232902	39.58457628404256	5.299749190330565e-8
392	392	392	392	42.239214627561665	39.54429871177691	6.108510617839763e-8
400	400	400	400	42.45978138188344	39.86502574330754	5.866593028613784e-8
408	408	408	408	42.989898683002465	40.27661140619832	6.433376542101483e-8
416	416	416	416	42.764599936320565	40.23605547322624	7.761331889778625e-8
424	424	424	424	43.060496801322124	40.63822871225238	8.44324944824366e-8
432	432	432	432	43.461656292478	41.01829315680173	9.267010611747018e-8
440	440	440	440	43.4041845263807	40.76997454867908	9.449597394910862e-8
448	448	448	448	43.51210423889718	41.088091451278615	1.0641150073858844e-7
456	456	456	456	44.090372908215365	41.50819788389598	1.1375486701257662e-7
464	464	464	464	43.82571554292468	41.30394693686809	1.2505758472667264e-7
472	472	472	472	44.096126274031256	41.619960663427904	1.2475899321572734e-7
480	480	480	480	44.368712619488996	41.955976612593226	1.3448181884104707e-7
488	488	488	488	44.1925108026867	41.78268713994609	1.3869203749086976e-7
496	496	496	496	44.38176543673274	41.941949292505925	1.4204119609235996e-7
504	504	504	504	44.751500728648196	42.24329942625904	1.5389947036702023e-7
512	512	512	512	41.87559412121851	41.050358267698776	1.8127327283328525e-7
520	520	520	520	42.80712612854179	41.10057031104361	2.01596382892116e-7
528	528	528	528	43.10159277534637	41.497447779830985	2.140583702975695e-7
536	536	536	536	43.07178530377031	41.49515187978718	2.319124115893432e-7
544	544	544	544	43.20486621459085	41.451519641422834	2.406923870913275e-7
552	552	552	552	43.634757263796494	41.85754125660889	2.473954601026739e-7
560	560	560	560	43.29557005992106	41.689738148914	2.625536925818534e-7
568	568	568	568	43.51084616583684	42.063745073876504	2.791545234951963e-7
576	576	576	576	43.81007014144346	42.31854539850008	3.019783828110032e-7
584	584	584	584	43.54734001381456	41.99278744336267	2.98203613032309e-7
592	592	592	592	43.6324934543275	42.19238832714478	3.0322238320038767e-7
600	600	600	600	43.95623403947362	42.52933367264916	3.1566752431483943e-7
608	608	608	608	43.73782027530677	42.477820337466596	3.3632481171412804e-7
616	616	616	616	43.91756338346981	42.506211111366206	3.3515192751415025e-7
624	624	624	624	44.31634147899596	42.64122251546239	3.558871034865111e-7
632	632	632	632	44.16474145569446	42.560471726735294	3.714564648504522e-7
640	640	640	640	44.22003763470268	42.720268644365134	3.75280242113348e-7
648	648	648	648	44.48209037768233	43.014122847814136	4.0642814719143593e-7
656	656	656	656	44.105921863576356	42.7434333358619	4.3454357641901394e-7
664	664	664	664	44.467947562428655	42.867486062445195	5.192204791363719e-7
672	672	672	672	44.5954946954535	43.22767636127045	5.288206710362873e-7
680	680	680	680	44.591828634478425	43.03593507833088	5.586941948627735e-7
688	688	688	688	44.91846710219761	43.31517658053816	6.139725972905176e-7
696	696	696	696	45.00010841155187	43.45004928593786	6.275428149714972e-7
704	704	704	704	44.87066226259524	43.51337255806116	6.641368307026549e-7
712	712	712	712	45.03957957217506	43.47669338197053	6.8053621117644e-7
720	720	720	720	45.23437957307485	43.8190981793434	7.252174862346827e-7
728	728	728	728	45.20500047963809	43.717031092954805	7.337498061356895e-7
736	736	736	736	45.11265523066207	43.74192240659852	7.703878720417352e-7
744	744	744	744	45.413037143665115	43.976389391323586	7.95111705098716e-7
752	752	752	752	45.11617731857561	43.7035913082926	8.100086740139589e-7
760	760	760	760	43.61828161005371	43.8901222204267	7.967245536127485e-7
768	768	768	768	43.84869940088136	43.80975966157229	8.367735094130732e-7
776	776	776	776	43.65899093318026	42.57242936879774	8.751499034666371e-7
784	784	784	784	43.94391625775235	42.89829851945593	8.897908711803099e-7
792	792	792	792	44.27409387401506	43.28770870539218	9.281058190978201e-7
800	800	800	800	44.06048618379974	42.9845679943875	9.222633109589409e-7
808	808	808	808	44.32113470496084	43.388073044725104	1.003473171314116e-6
816	816	816	816	44.45763763672562	43.5196226612238	1.1225431541591409e-6
824	824	824	824	44.43440571599259	43.52956052162456	1.1101865117121617e-6
832	832	832	832	44.4395362312623	43.5609191043246	1.1762482447544268e-6
840	840	840	840	44.740024526078905	43.846065544025336	1.344989738371349e-6
848	848	848	848	44.54393925313066	43.52116767441667	1.3627843100039573e-6
856	856	856	856	44.76025326263551	43.83895216280707	1.3696104637475082e-6
864	864	864	864	44.96140954790946	43.986166341484804	1.4652850600898755e-6
872	872	872	872	44.90453322356675	43.92906036986733	1.5025255436843743e-6
880	880	880	880	44.96300164878811	43.87798277510767	1.5850136186396114e-6
888	888	888	888	45.31409036572613	44.38170236354802	1.657147142353486e-6
896	896	896	896	45.01429796294637	44.1025604459016	1.6879799674160834e-6
904	904	904	904	45.22628117364424	44.329298519522524	1.713908862718339e-6
912	912	912	912	45.31260271006272	44.37998189522663	1.7603563577678632e-6
920	920	920	920	45.35607330573533	44.45155408798407	1.8942212864749493e-6
928	928	928	928	45.357248453544585	44.502027173575605	1.8530688880919614e-6
936	936	936	936	45.633288322893186	44.84802507625598	1.9635071874870535e-6
944	944	944	944	45.39916001295326	44.51547228822732	1.997325432480732e-6
952	952	952	952	45.61634574595887	44.8425223669776	2.008936840213285e-6
960	960	960	960	45.75313673161828	44.908639990554704	2.0604593774609095e-6
968	968	968	968	45.71320621218626	44.9562922803819	2.103004738403017e-6
976	976	976	976	45.57613058006948	44.881657979536726	2.206202339373963e-6
984	984	984	984	45.847584546055025	45.02330682348678	2.228595569369164e-6
992	992	992	992	45.58248648818514	44.94001031760186	2.2312094374061868e-6
1000	1000	1000	1000	45.88535575983155	45.19020994320867	2.3545013546100997e-6
1008	1008	1008	1008	45.89906016147225	45.12616006461169	2.3638427365073195e-6
1016	1016	1016	1016	44.356555881902736	44.957417424287684	2.4850115709127082e-6
1024	1024	1024	1024	44.336826847258656	44.32693567449039	2.5460499202060756e-6
1032	1032	1032	1032	44.667261909231065	43.871879897507654	2.5845246855001633e-6
1040	1040	1040	1040	44.5431596204068	43.801868412546355	2.8897881490907777e-6
1048	1048	1048	1048	44.80348474742303	44.288901182569326	3.0648613291221717e-6
1056	1056	1056	1056	44.794901222464006	44.43785458253166	3.1925368369478194e-6
1064	1064	1064	1064	44.918538717380756	44.43516550732264	3.31794356003506e-6
1072	1072	1072	1072	44.942209339304235	44.772209308241926	3.5514191035347585e-6
1080	1080	1080	1080	45.26313189179818	44.849013320425264	3.516831889489341e-6
1088	1088	1088	1088	45.05157363904652	44.59536885107185	3.7236508099637352e-6
1096	1096	1096	1096	45.30721883063668	44.995706366278725	3.672040397201187e-6
1104	1104	1104	1104	45.31584028939139	44.95065234337937	3.8248700422485745e-6
1112	1112	1112	1112	45.31462277446503	44.98102936779152	4.090063384649061e-6
1120	1120	1120	1120	45.35492641928063	44.93847383744688	4.236099001087723e-6
1128	1128	1128	1128	45.61443710420504	45.19170384049261	4.168092121575454e-6
1136	1136	1136	1136	45.29845671441783	44.97808875788208	4.229410523082445e-6
1144	1144	1144	1144	45.60234226169582	45.258078990265595	4.388157948809915e-6
1152	1152	1152	1152	45.707351370942824	45.307100610536125	4.468609551181225e-6
1160	1160	1160	1160	45.66604925623671	45.3108432980892	4.518763311892522e-6
1168	1168	1168	1168	45.54311705341983	45.20909597583544	4.802568197535846e-6
1176	1176	1176	1176	45.931336133666875	45.59429647618413	4.924895768417434e-6
1184	1184	1184	1184	45.774140253839604	45.43978920812007	4.944267259626688e-6
1192	1192	1192	1192	45.91876224110616	45.61304432376311	5.029335062414806e-6
1200	1200	1200	1200	45.95230192279204	45.60437224001425	5.092535878795942e-6
1208	1208	1208	1208	45.592320359758055	45.87782326277758	5.17709746157881e-6
1216	1216	1216	1216	45.97024556876662	45.773673571586464	5.348292259745384e-6
1224	1224	1224	1224	46.187654608713714	46.08187533696462	5.3099593240052535e-6
1232	1232	1232	1232	45.379684929126704	45.57610491594968	5.505994184070616e-6
1240	1240	1240	1240	46.08525174788221	46.07613768411441	5.568749551599066e-6
1248	1248	1248	1248	46.19661325406914	45.92296773652595	5.565798142845812e-6
1256	1256	1256	1256	46.0655142568704	46.0085201616185	5.7642267991268204e-6
1264	1264	1264	1264	44.70728392890571	45.77382247543682	5.9600360537577065e-6
1272	1272	1272	1272	45.287542035012116	46.05898614380435	5.8195473467947206e-6
1280	1280	1280	1280	45.05970730501996	45.73060810584205	6.3295214615963366e-6
1288	1288	1288	1288	44.82368897448882	44.778932993671575	6.351321710159256e-6
1296	1296	1296	1296	45.199058399295616	45.06897061909094	6.8346641293558425e-6
1304	1304	1304	1304	44.95499938784376	45.046856254167324	6.6232267173175634e-6
1312	1312	1312	1312	44.64643083284612	44.95067677125899	7.105338678247119e-6
1320	1320	1320	1320	45.40064377725504	45.50147557403284	7.560045059898985e-6
1328	1328	1328	1328	45.15947053401059	45.17815104999909	7.766864881508677e-6
1336	1336	1336	1336	45.45640314841428	45.440707943438106	8.023690718862708e-6
1344	1344	1344	1344	45.485399068908976	45.43915349292721	8.13985392566781e-6
1352	1352	1352	1352	45.40046724802671	45.46088020348113	8.628840310370867e-6
1360	1360	1360	1360	45.07822880589527	45.212887449476455	8.711255028936915e-6
1368	1368	1368	1368	45.57063681311889	45.68531384113668	9.11113098461725e-6
1376	1376	1376	1376	45.282235063577744	45.7020759183314	8.918914486930717e-6
1384	1384	1384	1384	45.43171250942066	45.620463470874505	9.503623703583057e-6
1392	1392	1392	1392	45.29989296223864	45.51700510056552	9.916742366546435e-6
1400	1400	1400	1400	45.50502665124438	45.703312350893775	9.997335523470995e-6
1408	1408	1408	1408	45.75371573130779	45.955433215585785	1.0431834579561647e-5
1416	1416	1416	1416	45.80340707733283	46.1677650009184	1.046918724286917e-5
1424	1424	1424	1424	45.595738762878945	45.76419390428168	1.089815960690427e-5
1432	1432	1432	1432	45.741582244360856	46.005981072645156	1.0874295307836516e-5
1440	1440	1440	1440	45.836131092666726	46.00817878340958	1.1155945181026139e-5
1448	1448	1448	1448	45.87856989023273	46.02684298103515	1.1364028432928097e-5
1456	1456	1456	1456	45.61372340772104	46.020902777538865	1.1254905348160489e-5
1464	1464	1464	1464	45.99941187678462	46.228394365875964	1.1712805601721594e-5
1472	1472	1472	1472	46.04658627306946	46.23843804576421	1.1993574285464425e-5
1480	1480	1480	1480	46.192396086311156	46.39543534081257	1.2053261818577945e-5
1488	1488	1488	1488	46.086130881724365	46.35380639200388	1.2283872349600267e-5
1496	1496	1496	1496	45.97920174535387	46.49747369848723	1.257802770743827e-5
1504	1504	1504	1504	46.09040589962852	46.36334787058792	1.2841343137691825e-5
1512	1512	1512	1512	46.174693574248515	46.74724872018891	1.2857483148032701e-5
1520	1520	1520	1520	44.868577325906855	46.394981083284875	1.3123583874875441e-5
1528	1528	1528	1528	45.08799366858424	46.576001774654635	1.3339327741783808e-5
1536	1536	1536	1536	45.21701951113281	45.78712236832143	1.3152079232147968e-5
1544	1544	1544	1544	45.082141226363966	45.546832226872155	1.3519188845025875e-5
1552	1552	1552	1552	45.15041994199223	45.634410805622046	1.3800567062623791e-5
1560	1560	1560	1560	45.470616743963035	46.03835271844722	1.40138429745432e-5
1568	1568	1568	1568	45.466392155481365	45.68042707911452	1.4203925668339822e-5
1576	1576	1576	1576	45.69817298967549	46.14549911799478	1.4397421440135532e-5
1584	1584	1584	1584	45.483913159296634	45.870468760955546	1.4217800660090495e-5
1592	1592	1592	1592	45.408467604592204	46.14228173923164	1.4610525860693283e-5
1600	1600	1600	1600	45.14907211450699	45.9604740708448	1.4822963333985417e-5
1608	1608	1608	1608	45.45068582433487	46.30094293699774	1.511371531138976e-5
1616	1616	1616	1616	45.41850707888363	46.07487248164841	1.4695929800890523e-5
1624	1624	1624	1624	45.8331863296001	46.43091343913551	1.5571877430777914e-5
1632	1632	1632	1632	45.78416897052285	46.278720431871754	1.6346920206665176e-5
1640	1640	1640	1640	45.88742658094088	46.43623970158563	1.706736617438761e-5
1648	1648	1648	1648	45.60271306511304	46.22832305025744	1.752923860524054e-5
1656	1656	1656	1656	45.8372118706834	46.63977639096542	1.8711776804644336e-5
1664	1664	1664	1664	45.69195782477426	46.23301979381755	1.9055316883794012e-5
1672	1672	1672	1672	45.61651048370918	46.47299082585207	1.877347617762158e-5
1680	1680	1680	1680	45.64420793255912	46.36394967926163	1.960911285305727e-5
1688	1688	1688	1688	46.01927044218167	46.518112337543755	2.0530663937330585e-5
1696	1696	1696	1696	45.76746224352078	46.41026158872567	2.1348949338394062e-5
1704	1704	1704	1704	45.83019034939161	46.69886103867711	2.124778097027855e-5
1712	1712	1712	1712	45.74479710227786	46.418912334157966	2.194811046846442e-5
1720	1720	1720	1720	46.008698097232234	46.77904924469622	2.244548214339943e-5
1728	1728	1728	1728	45.674356716021784	46.57397954216303	2.3136201444299206e-5
1736	1736	1736	1736	46.11230738777419	46.722183821107656	2.3157382543079898e-5
1744	1744	1744	1744	46.10114999752816	46.53269917130837	2.36376570958002e-5
1752	1752	1752	1752	46.38623273893749	46.96336943758247	2.4011278208856415e-5
1760	1760	1760	1760	46.10734355349414	46.57425578481929	2.4882708380981305e-5
1768	1768	1768	1768	45.481781711958625	46.912257460079154	2.5640044904282805e-5
1776	1776	1776	1776	45.13199975965336	46.40508028505366	2.5963006038609857e-5
1784	1784	1784	1784	45.1854249763839	46.79025733225617	2.6727815358153123e-5
1792	1792	1792	1792	45.51914054821134	46.41615645526156	2.7121423333358626e-5
1800	1800	1800	1800	45.74602025654877	46.12724796925325	2.6838906632564538e-5
1808	1808	1808	1808	45.3853119187979	45.80332789302643	2.7969189792497764e-5
1816	1816	1816	1816	45.66645325139443	46.167440252852124	2.7508366909289848e-5
1824	1824	1824	1824	45.3284513928999	46.011706177708895	2.8091625450945405e-5
1832	1832	1832	1832	45.416059972694384	46.30647299546219	2.8849633255207093e-5
1840	1840	1840	1840	45.378074447023	46.02541501910914	2.9004749502669403e-5
1848	1848	1848	1848	45.696852912202026	46.46665306498794	2.9600353133143798e-5
1856	1856	1856	1856	45.311226551723976	46.07649547340591	3.053427915378541e-5
1864	1864	1864	1864	45.67205825196408	46.522331083033066	3.0402459075106513e-5
1872	1872	1872	1872	45.45712482755659	45.10018002808893	3.126074684787005e-5
1880	1880	1880	1880	45.8647293737123	46.535032893199386	3.126694003700405e-5
1888	1888	1888	1888	45.72271391757661	46.40821093052173	3.173772433212425e-5
1896	1896	1896	1896	45.9118564707162	46.71532338578474	3.207416709040008e-5
1904	1904	1904	1904	45.340508171518906	46.29739224648996	3.212187157894181e-5
1912	1912	1912	1912	45.77493940165591	46.69166675512085	3.279517754372298e-5
1920	1920	1920	1920	45.651613477016525	46.4166739463018	3.283155637060884e-5
1928	1928	1928	1928	45.793282001259115	46.65344397504411	3.3723062803756616e-5
1936	1936	1936	1936	45.34000841521896	46.31963249706198	3.316049116484762e-5
1944	1944	1944	1944	45.60541638224416	46.45624800226813	3.4028145013347034e-5
1952	1952	1952	1952	45.66926535700039	46.329452153705354	3.452205113269406e-5
1960	1960	1960	1960	45.65304252828876	46.581979173333494	3.505827453630749e-5
1968	1968	1968	1968	45.5658238675046	46.24913228470771	3.490527592139733e-5
1976	1976	1976	1976	45.52922853581408	46.129530387263685	3.6046965361028807e-5
1984	1984	1984	1984	45.759502167244406	46.47780679806044	3.531010548402487e-5
1992	1992	1992	1992	45.69923121754977	46.60265238385108	3.6131773239183596e-5
2000	2000	2000	2000	45.79147647159027	46.41135132543626	3.596437777914277e-5
2008	2008	2008	2008	45.74435304913316	46.81056136489599	3.6801898313633795e-5
2016	2016	2016	2016	45.46232708226204	46.46953785696516	3.692083174640465e-5
2024	2024	2024	2024	44.82383658728257	46.55705597520212	3.7692103589684835e-5
2032	2032	2032	2032	44.67948435577554	46.30871741555268	3.742526235632477e-5
2040	2040	2040	2040	45.35835003577762	46.65786264636023	3.954776041286105e-5
2048	2048	2048	2048	44.01519860992488	45.41061855839326	4.0245628183376375e-5
2056	2056	2056	2056	44.612846077117915	45.7110087464097	4.088157403914531e-5
2064	2064	2064	2064	44.702016273439966	45.87529573020347	4.243591185467511e-5
2072	2072	2072	2072	44.731760328531045	45.99149750986722	4.366303662174224e-5
2080	2080	2080	2080	44.69626134207748	45.844191723227084	4.4658638395002536e-5
2088	2088	2088	2088	44.45952140527156	46.09255646046034	4.5219620695281504e-5
2096	2096	2096	2096	44.52296094579989	45.86948482824835	4.742327735051346e-5
2104	2104	2104	2104	44.80522542633265	46.22473608875105	4.786471941441547e-5
2112	2112	2112	2112	44.64740729446454	45.973077788539555	4.818326820404103e-5
2120	2120	2120	2120	44.60439977356549	46.03920948985049	4.998068934064935e-5
2128	2128	2128	2128	42.53751869539868	43.77777951747885	5.220958615371086e-5
2136	2136	2136	2136	44.698218557026244	46.07622550491879	5.192519104553469e-5
2144	2144	2144	2144	44.903228259159455	46.13020613623711	5.449533728511797e-5
2152	2152	2152	2152	43.8875814179835	45.41876586731282	5.4710830383271865e-5
2160	2160	2160	2160	42.49008136513138	43.15452019889289	5.629594802746264e-5
2168	2168	2168	2168	43.40450800117259	44.81345450612226	5.784574732688315e-5
2176	2176	2176	2176	44.39498065513004	46.172935993723826	5.865714866383409e-5
2184	2184	2184	2184	45.23534189771466	46.49392201277958	5.9197225506272865e-5
2192	2192	2192	2192	44.522798399536924	46.33490995690547	6.004895075095044e-5
2200	2200	2200	2200	44.18225366773519	46.36291044493977	6.169930113954544e-5
2208	2208	2208	2208	44.415470236602374	46.21287534002674	6.150691063159777e-5
2216	2216	2216	2216	45.336537894556045	46.65375098938802	6.282895042839803e-5
2224	2224	2224	2224	45.235554349169426	46.32488830979842	6.354347159854025e-5
2232	2232	2232	2232	45.40817908337128	46.76498827678033	6.28113056590812e-5
2240	2240	2240	2240	45.027400893089556	46.321129305105444	6.500492506056338e-5
2248	2248	2248	2248	45.32556512519641	46.658470721527	6.753193101087324e-5
2256	2256	2256	2256	44.95647970180266	46.22602323838355	6.682518069448344e-5
2264	2264	2264	2264	45.117170695013336	46.18055334191032	6.807716785487288e-5
2272	2272	2272	2272	44.43025814296071	46.270109491359506	6.893163137692574e-5
2280	2280	2280	2280	44.93907492019814	46.6152368426411	6.900282244149566e-5
2288	2288	2288	2288	44.546917737958445	46.16046910295044	7.133488269411873e-5
2296	2296	2296	2296	44.750401310805316	46.549378160020375	7.114787513617448e-5
2304	2304	2304	2304	44.73727275383347	45.628888658110796	7.21668267242373e-5
2312	2312	2312	2312	45.04465511685134	46.21258248628994	7.317528021797173e-5
2320	2320	2320	2320	45.05587141092356	46.07375171616144	7.434379128531236e-5
2328	2328	2328	2328	44.9194476387102	46.26949682030624	7.286496565079754e-5
2336	2336	2336	2336	44.82788504663977	45.161372862883596	7.732631654209578e-5
2344	2344	2344	2344	44.85249624591934	45.98503783143219	7.666593998397469e-5
2352	2352	2352	2352	44.859956960667915	46.12087868402762	7.585093280528946e-5
2360	2360	2360	2360	45.071737264540985	46.432270223201904	7.652493616109263e-5
2368	2368	2368	2368	45.11282123662413	46.12623001268562	7.896704441287021e-5
2376	2376	2376	2376	45.334956774756755	46.52188363427793	7.937494842823401e-5
2384	2384	2384	2384	44.98694147105847	46.096531768152666	7.981157640591283e-5
2392	2392	2392	2392	45.24541924240277	45.96758214814369	8.024804228251799e-5
2400	2400	2400	2400	45.101888130971915	46.4522164230336	7.997681849422186e-5
2408	2408	2408	2408	45.370525137637635	45.279202472949805	8.285928926104853e-5
2416	2416	2416	2416	45.0704813235997	46.1450708621499	8.273116106254231e-5
2424	2424	2424	2424	45.525871338510534	46.57363892015953	8.287806702637763e-5
2432	2432	2432	2432	45.32336917369736	46.095837450416354	8.448524754108309e-5
2440	2440	2440	2440	45.34861806877716	46.21671366147611	8.55709324276532e-5
2448	2448	2448	2448	45.109070149220244	45.96773048353576	8.452426213026612e-5
2456	2456	2456	2456	45.578043997398304	46.569266510581	8.582729425606632e-5
2464	2464	2464	2464	45.41713729640598	46.40962898349829	8.769218786207389e-5
2472	2472	2472	2472	45.64535520850982	46.58025813346638	8.868474125391489e-5
2480	2480	2480	2480	45.49770641051275	46.67029410363904	8.850621429412624e-5
2488	2488	2488	2488	45.71481050052878	46.92590558737376	8.847586261571823e-5
2496	2496	2496	2496	45.52489096117017	46.50871083190707	8.936189469050892e-5
2504	2504	2504	2504	45.652905303341065	46.78963576545346	8.917054069558098e-5
2512	2512	2512	2512	45.14151465585256	46.43975117788129	9.090488040814012e-5
2520	2520	2520	2520	45.97620266992392	46.85971060368742	9.165651801780518e-5
2528	2528	2528	2528	45.23129534830323	46.60919866650319	9.327759369870209e-5
2536	2536	2536	2536	45.44004597985511	46.836801406037345	9.282776169386447e-5
2544	2544	2544	2544	45.278193212832434	46.355045224305705	9.282416404644471e-5
2552	2552	2552	2552	45.21121626608017	46.56084466821046	9.417805486697693e-5
2560	2560	2560	2560	44.98155331642368	45.3980642170446	9.655054662905218e-5
2568	2568	2568	2568	45.379754857559185	45.986237790354544	9.533121494210432e-5
2576	2576	2576	2576	45.32401554878	45.97967317688332	9.696530803230731e-5
2584	2584	2584	2584	45.45156865218353	46.221205094815275	9.836818018685454e-5
2592	2592	2592	2592	45.42464630823075	46.12479805909393	1.0079792214569829e-4
2600	2600	2600	2600	45.44743915002817	46.29190928941293	1.0504990176889392e-4
2608	2608	2608	2608	45.27274320307161	46.017830715711504	1.0838084835657854e-4
2616	2616	2616	2616	45.42096774005719	46.17817539564321	1.1118207626486211e-4
2624	2624	2624	2624	45.34348417662506	45.78201549135947	1.1188692050072076e-4
2632	2632	2632	2632	45.37544450472175	45.83448899098665	1.129774556630664e-4
2640	2640	2640	2640	45.31303179965485	45.66374811859638	1.1502059513697734e-4
2648	2648	2648	2648	45.39702900540651	45.783424179491114	1.2143208507920057e-4
2656	2656	2656	2656	45.48344833353661	45.74821856003219	1.2296413658753657e-4
2664	2664	2664	2664	45.5201263427324	45.7587864942938	1.2683442653594872e-4
2672	2672	2672	2672	45.30530141008508	45.547268682110456	1.2757777944945146e-4
2680	2680	2680	2680	45.610371894304706	46.05915746822041	1.2917689353628419e-4
2688	2688	2688	2688	45.60199419910907	46.03370985886093	1.3210175149046738e-4
2696	2696	2696	2696	45.589534743974596	46.06955049954277	1.3629537513691378e-4
2704	2704	2704	2704	45.30795179780651	45.607857890089555	1.3896101659950308e-4
2712	2712	2712	2712	45.77059446804756	45.95044494200204	1.3776736561089934e-4
2720	2720	2720	2720	45.51789380949921	45.51804665028602	1.382698266773615e-4
2728	2728	2728	2728	45.69106068381745	45.75604437310965	1.4226318943527305e-4
2736	2736	2736	2736	45.85981270470631	45.58708765062685	1.4407920968701577e-4
2744	2744	2744	2744	45.6663185309391	45.52989736302174	1.4680196871644024e-4
2752	2752	2752	2752	45.8749755389382	45.831346411909536	1.4674716805269223e-4
2760	2760	2760	2760	45.803257124515184	45.95251894268649	1.5154028178234372e-4
2768	2768	2768	2768	45.74809390333197	45.871028059775455	1.524652793122964e-4
2776	2776	2776	2776	45.59876980797881	46.28912372720322	1.543369483082662e-4
2784	2784	2784	2784	45.422483064758794	45.85729036537582	1.5685822682806334e-4
2792	2792	2792	2792	45.51743494181348	45.88051763830883	1.564461949662288e-4
2800	2800	2800	2800	45.344969938045374	45.52460746572082	1.609599125508556e-4
2808	2808	2808	2808	45.6420254882823	45.6629898459695	1.6287915578797415e-4
2816	2816	2816	2816	45.50953261636243	45.33291259004614	1.5926254009412266e-4
2824	2824	2824	2824	45.508942358839676	44.92591199873072	1.6794334007125066e-4
2832	2832	2832	2832	45.62773107539038	44.99156408558472	1.6372344613737195e-4
2840	2840	2840	2840	45.62942295505435	45.38723607755338	1.7028762234518738e-4
2848	2848	2848	2848	45.49760888235989	44.99293198023769	1.711971575833916e-4
2856	2856	2856	2856	45.55617531246881	45.592529767899315	1.7068539106021653e-4
2864	2864	2864	2864	45.44851915065271	45.46599191925091	1.723560212766984e-4
2872	2872	2872	2872	45.76962249398291	45.78555162301816	1.7822024015322322e-4
2880	2880	2880	2880	45.532673917863576	45.57958765081619	1.7734640642758844e-4
2888	2888	2888	2888	45.837516878744154	45.682245668530896	1.7771046622883205e-4
2896	2896	2896	2896	45.66793211556608	45.87792423098161	1.812669660883709e-4
2904	2904	2904	2904	45.92675010138601	46.10752885592773	1.7847203310903542e-4
2912	2912	2912	2912	45.81207731267445	45.97015784257141	1.8001865822642096e-4
2920	2920	2920	2920	45.662278433962776	46.078361432682165	1.8458926247315487e-4
2928	2928	2928	2928	45.797803214851626	46.22023632480169	1.8720155574951567e-4
2936	2936	2936	2936	46.10323819591597	46.47171507213891	1.886073307428197e-4
2944	2944	2944	2944	45.69457114500261	45.84535936563831	1.909487240606788e-4
2952	2952	2952	2952	46.09098722793651	46.25739707773032	1.9182963895363918e-4
2960	2960	2960	2960	45.924166834687725	45.93460186792195	1.922823299197791e-4
2968	2968	2968	2968	46.0258365855745	46.16560784150399	1.9513348178793407e-4
2976	2976	2976	2976	45.837779857528034	45.83923524850777	1.9635329708597113e-4
2984	2984	2984	2984	46.08802021884124	46.39970218398292	1.9819454122042002e-4
2992	2992	2992	2992	45.717525182741916	46.2106152352339	1.9792246221036328e-4
3000	3000	3000	3000	46.38210005984077	46.58939224392765	2.005746512755081e-4
3008	3008	3008	3008	46.346183779722494	46.92584351125024	2.0611503345102037e-4
3016	3016	3016	3016	46.632674517794555	47.56277660528237	2.02558437973451e-4
3024	3024	3024	3024	46.76914312063083	47.97018056269717	2.0567855533350427e-4
3032	3032	3032	3032	46.023333578114425	47.692381059808504	2.0381218893259013e-4
3040	3040	3040	3040	45.99837995428556	47.713717498005494	2.084918332306717e-4
3048	3048	3048	3048	46.130504565015656	47.22418834563582	2.0964884655492517e-4
3056	3056	3056	3056	46.22516610105263	47.72190868799636	2.1276437130139054e-4
3064	3064	3064	3064	46.398070541673455	47.902651122214905	2.1296118166153383e-4
3072	3072	3072	3072	45.99141863989998	45.84869162377737	2.182991288844319e-4
3080	3080	3080	3080	46.30432399975807	47.138446434419706	2.1358126631948823e-4
3088	3088	3088	3088	46.23522324108579	46.8497380086963	2.1372347306133305e-4
3096	3096	3096	3096	46.3382763782224	47.12086582953404	2.2011729812621936e-4
3104	3104	3104	3104	46.230925538357766	46.63707001657363	2.1904349324167944e-4
3112	3112	3112	3112	46.48519139943966	47.6530781325396	2.2094032453862298e-4
3120	3120	3120	3120	46.50681481114639	47.61490694494304	2.2094495552130408e-4
3128	3128	3128	3128	46.566243814118	47.562079178100106	2.210542699798914e-4
3136	3136	3136	3136	46.478173972253764	46.873093049186544	2.2524663871313391e-4
3144	3144	3144	3144	46.46671944800319	47.036670784451346	2.2274446352632413e-4
3152	3152	3152	3152	46.4881161319775	46.94746400839469	2.2681903624788527e-4
3160	3160	3160	3160	46.384369745029	46.98429995880663	2.3131517497492157e-4
3168	3168	3168	3168	46.6043177571013	47.48179202032162	2.3408018175370926e-4
3176	3176	3176	3176	46.58275104650562	47.59565435871964	2.2882296878062885e-4
3184	3184	3184	3184	46.38831178551944	46.85760294034611	2.344296067824384e-4
3192	3192	3192	3192	46.494306184587515	47.017924084313144	2.3546692517825113e-4
3200	3200	3200	3200	46.40415374898017	46.599712298256954	2.339561804252939e-4
3208	3208	3208	3208	46.67507745432362	47.40110963482658	2.375548931417887e-4
3216	3216	3216	3216	46.41441785494062	46.77936349352321	2.3392471420033352e-4
3224	3224	3224	3224	46.68074848666745	46.45319409942101	2.3768598537288248e-4
3232	3232	3232	3232	46.252126060692106	46.24938999571844	2.4002831154460323e-4
3240	3240	3240	3240	46.4703168529514	46.77720985692661	2.44460906296926e-4
3248	3248	3248	3248	46.45919750985466	46.119765114944045	2.3989695911252494e-4
3256	3256	3256	3256	46.92180466629682	46.98420013169693	2.544569686699232e-4
3264	3264	3264	3264	46.67041281840206	46.505748283727584	2.559354318769941e-4
3272	3272	3272	3272	46.66870586870036	46.48902761563711	2.6718203371888075e-4
3280	3280	3280	3280	46.19483031709169	45.96509228788592	2.669416225674643e-4
3288	3288	3288	3288	46.362178576185755	46.379401744725754	2.737178201139789e-4
3296	3296	3296	3296	46.2133804939791	46.42190732842052	2.7390881135635705e-4
3304	3304	3304	3304	46.31072893797405	46.10740867772278	2.8291315603176025e-4
3312	3312	3312	3312	46.39631182799515	45.53056703783528	2.8467697509427706e-4
3320	3320	3320	3320	46.474435016969544	45.48297013242163	2.926354729155525e-4
3328	3328	3328	3328	46.5278815954511	45.78076476153965	2.977889093523974e-4
3336	3336	3336	3336	46.13164094281112	44.470638701217176	3.050967948739447e-4
3344	3344	3344	3344	45.81762151976573	44.36185999625046	3.1088758814514823e-4
3352	3352	3352	3352	45.95868123394263	44.73543904717461	3.151940505563409e-4
3360	3360	3360	3360	45.95917300198987	44.65742491316584	3.1203736882039223e-4
3368	3368	3368	3368	46.305492727247525	45.74195802576556	3.221824635327722e-4
3376	3376	3376	3376	46.433716906265694	45.51261841207849	3.362567600778992e-4
3384	3384	3384	3384	46.52405926483429	45.47836305416544	3.2857920971671466e-4
3392	3392	3392	3392	46.505311637323516	45.571961020936314	3.352846833302833e-4
3400	3400	3400	3400	46.76685259690346	45.72571050729024	3.384378393819971e-4
3408	3408	3408	3408	46.66892481225355	45.48385455539898	3.4195042890474385e-4
3416	3416	3416	3416	46.45790294595674	45.32722047548465	3.4816688862728055e-4
3424	3424	3424	3424	46.41008365558424	45.56060720253358	3.482158646410552e-4
3432	3432	3432	3432	46.72348147827971	45.678956336335894	3.538337351948737e-4
3440	3440	3440	3440	46.335350654558994	45.09325020644236	3.5839919516437204e-4
3448	3448	3448	3448	46.397178002672426	45.334177596849386	3.618851621611326e-4
3456	3456	3456	3456	46.80417900601636	46.1683536269063	3.6171202315823014e-4
3464	3464	3464	3464	46.59095240420938	45.33285515824114	3.685019648033578e-4
3472	3472	3472	3472	46.574846848500194	45.19712324767106	3.7732766393151816e-4
3480	3480	3480	3480	46.64038999415503	45.28408793012113	3.8042073262965775e-4
3488	3488	3488	3488	46.56051078904935	45.17147648528962	3.836486101525956e-4
3496	3496	3496	3496	46.74034873261232	45.745572841922844	3.9468033670019725e-4
3504	3504	3504	3504	46.5902057552581	45.37787284416604	3.948004343974825e-4
3512	3512	3512	3512	46.419026502633265	44.98171447598522	3.993732531662833e-4
3520	3520	3520	3520	46.71468363737957	45.69149512108258	3.997767016928309e-4
3528	3528	3528	3528	46.76396656717233	45.77715277316375	4.003490249753849e-4
3536	3536	3536	3536	46.37077291458001	45.973882177233776	4.0540806239157065e-4
3544	3544	3544	3544	46.51929580952428	46.15540454647714	4.1576536262141555e-4
3552	3552	3552	3552	46.49548652444151	46.18394595184268	4.1490477693095274e-4
3560	3560	3560	3560	46.5637856435536	46.20758421659077	4.107583334382577e-4
3568	3568	3568	3568	46.569828999043565	46.11317501308189	4.1980576590692304e-4
3576	3576	3576	3576	46.52030027726004	45.98074377090585	4.3112672031535824e-4
3584	3584	3584	3584	46.385927834396036	45.165674680438315	4.285134735997201e-4
3592	3592	3592	3592	46.70500992833215	45.66734213567182	4.342494503191915e-4
3600	3600	3600	3600	46.66437487869167	45.57840176580318	4.3521494541462653e-4
3608	3608	3608	3608	46.58413798184642	45.404332174483315	4.418929983212559e-4
3616	3616	3616	3616	46.491306425844655	45.430088795256864	4.421897909120143e-4
3624	3624	3624	3624	46.64088776602884	45.458419542762186	4.4528778747038474e-4
3632	3632	3632	3632	46.48916031570029	45.293383536943466	4.58993600549077e-4
3640	3640	3640	3640	46.51942357602713	45.212462801071425	4.484576787906449e-4
3648	3648	3648	3648	46.32123469997549	45.13546332444486	4.514260466625738e-4
3656	3656	3656	3656	46.44184260802133	45.308066150567775	4.5410722490595007e-4
3664	3664	3664	3664	46.42177570322541	44.85721023765672	4.606819512142922e-4
3672	3672	3672	3672	46.681301199882924	45.38902481636988	4.627512382944344e-4
3680	3680	3680	3680	46.27547337278846	44.66558608644261	4.7160906514735914e-4
3688	3688	3688	3688	46.588132508579704	45.17033180466854	4.740694307271633e-4
3696	3696	3696	3696	46.48658517498376	45.47720650924056	4.819120715691212e-4
3704	3704	3704	3704	46.322299687955024	44.938818540041986	4.752035769048886e-4
3712	3712	3712	3712	46.597122423871596	45.51958323401792	4.7531959325888335e-4
3720	3720	3720	3720	46.83621268017319	45.988156259829694	4.877309939712316e-4
3728	3728	3728	3728	46.74690920771408	45.81404351842175	4.8127895084504064e-4
3736	3736	3736	3736	46.75948026178551	45.60640694497303	4.881850814738243e-4
3744	3744	3744	3744	46.70802651321199	45.736694280744956	4.967860601375041e-4
3752	3752	3752	3752	46.154820279916464	45.260726198291	4.908289882381135e-4
3760	3760	3760	3760	46.451303749290936	44.92091932256871	4.905238470903239e-4
3768	3768	3768	3768	46.87247234344156	46.06121626416154	4.961936858209425e-4
3776	3776	3776	3776	46.521996109077214	45.66669574007031	5.075030540279779e-4
3784	3784	3784	3784	46.19126316621708	45.46690136461108	5.148415014765705e-4
3792	3792	3792	3792	46.387960714988566	44.451773111039564	5.106487397810926e-4
3800	3800	3800	3800	46.08879721566482	43.545228933179544	5.127802243478392e-4
3808	3808	3808	3808	46.19711134194714	45.09874535992863	5.136815569665694e-4
3816	3816	3816	3816	46.404749301993014	44.860823087992465	5.238244461787389e-4
3824	3824	3824	3824	46.3864349829095	45.328820652097356	5.161283726350072e-4
3832	3832	3832	3832	46.68976421516121	45.30446565402315	5.277165684081189e-4
3840	3840	3840	3840	46.8282867837061	45.476051409660094	5.306340651380759e-4
3848	3848	3848	3848	46.72299439569877	45.42116185965937	5.289155912733245e-4
3856	3856	3856	3856	46.690633245193496	45.47221146169633	5.234345109881145e-4
3864	3864	3864	3864	46.770469054929904	45.582334937470456	5.312197079244116e-4
3872	3872	3872	3872	46.59408450513422	45.60852261653661	5.350093790519926e-4
3880	3880	3880	3880	46.76429154905394	45.64597832793457	5.346492912811145e-4
3888	3888	3888	3888	46.7528564229251	45.666917674772726	5.367064353102813e-4
3896	3896	3896	3896	46.836569442264015	45.73880120533762	5.476152467025114e-4
3904	3904	3904	3904	46.70297575913746	45.730164472298455	5.469482256568754e-4
3912	3912	3912	3912	46.8835051223655	45.762372520697134	5.47390989012035e-4
3920	3920	3920	3920	46.751094413092126	45.61469411551233	5.500566194127896e-4
3928	3928	3928	3928	46.84346450745299	45.63482917879492	5.527721259606794e-4
3936	3936	3936	3936	46.82278075307991	45.70732470871155	5.525489324948817e-4
3944	3944	3944	3944	46.91272321446652	45.667467236185004	5.596993829020063e-4
3952	3952	3952	3952	46.8034432145545	45.60640293322862	5.654295533380612e-4
3960	3960	3960	3960	46.96540264744932	45.64506203947327	5.663615155256054e-4
3968	3968	3968	3968	46.82137327828562	45.73456264816348	5.60059604078997e-4
3976	3976	3976	3976	46.943534386983885	45.35216677171537	5.73676124494772e-4
3984	3984	3984	3984	46.81582982786996	44.99516043467956	5.743251686542813e-4
3992	3992	3992	3992	46.869236294677656	44.96225295837591	5.738998176467009e-4
4000	4000	4000	4000	46.70293698483048	44.69950687706558	5.814381497279776e-4
4008	4008	4008	4008	46.92359519202819	45.11449653743987	5.834955594277828e-4
4016	4016	4016	4016	46.55100261616852	44.415270608884725	5.76332619689877e-4
4024	4024	4024	4024	46.44512031726486	44.09488199495072	5.886274190485795e-4
4032	4032	4032	4032	46.66198265505753	44.67793138147403	5.925687423923845e-4
4040	4040	4040	4040	46.250359184270465	44.47899578214597	5.969306110097147e-4
4048	4048	4048	4048	46.425817757738166	44.901362214299866	5.932666808772472e-4
4056	4056	4056	4056	46.75678054989513	45.20037629669012	6.021005255553595e-4
4064	4064	4064	4064	46.48451869401509	44.447046198515025	5.918432810643305e-4
4072	4072	4072	4072	46.59680051235721	44.423853161948735	5.986399493479491e-4
4080	4080	4080	4080	46.51802745511717	43.89029496718766	6.064879424679865e-4
4088	4088	4088	4088	45.89758504595702	43.236669044209215	6.142525138469144e-4
4096	4096	4096	4096	45.37854915367204	44.22180788465156	6.415692901392268e-4
# Flush value 10737418240
