8	8	8	8	0.14248938982815001	0.3004694835680751	1.8115356374411762e-14
16	16	16	16	0.9772157938685436	0.9686077446053798	2.9399644838544536e-13
24	24	24	24	2.846201358863496	2.884507042253521	1.016845989170083e-12
32	32	32	32	5.369822606415666	5.266685418089765	2.96459002365857e-12
40	40	40	40	8.266597778351848	8.292303705623219	6.62122137262533e-12
48	48	48	48	11.998047192839708	11.676908457396262	1.5273013217435313e-11
56	56	56	56	14.291375907879479	14.13522215067611	2.7284841053187847e-11
64	64	64	64	17.228180862250262	17.149847895063946	4.836596708740519e-11
72	72	72	72	20.676554904649137	19.987843898520648	7.491056851713075e-11
80	80	80	80	22.06730095790188	21.49634730036107	1.1052512513534248e-10
88	88	88	88	24.066463603054782	23.709352793313098	1.7156455029255587e-10
96	96	96	96	26.61900893582453	26.414366537789782	2.269585669343683e-10
104	104	104	104	27.37378247987784	26.971113442229882	3.1873345307845027e-10
112	112	112	112	29.346061055467946	28.905158446448134	4.1695744677837945e-10
120	120	120	120	31.387365132415447	30.76498524509171	5.342753065833187e-10
128	128	128	128	31.24341879832546	31.427306206705357	7.02422018287888e-10
136	136	136	136	31.81121600515969	30.994267408012078	9.39472368427609e-10
144	144	144	144	33.19770305351574	32.17360478835452	1.141374904611589e-9
152	152	152	152	33.07020740636109	31.810863569044308	1.2966728192955175e-9
160	160	160	160	34.42551993377122	33.52135902267561	1.8046721813650214e-9
168	168	168	168	35.743279711739966	34.420136834655096	2.2339915230864993e-9
176	176	176	176	35.54076730010757	34.472893056607234	2.6718521065843526e-9
184	184	184	184	36.68352201628218	35.49114858330331	2.9208416329450852e-9
192	192	192	192	37.56845749529923	36.65685060983505	3.4490188041295737e-9
200	200	200	200	37.46199656052044	36.547202996870645	3.823583223837193e-9
208	208	208	208	38.58426643513308	37.345307409789804	4.7971023661169494e-9
216	216	216	216	39.633019729604044	37.9671478947527	6.1491097538938076e-9
224	224	224	224	39.324947779811	37.79898418431649	6.660136738972646e-9
232	232	232	232	39.782019005080606	38.41915917107787	8.271224642326874e-9
240	240	240	240	40.94107612481342	39.40802442476514	8.094842110850135e-9
248	248	248	248	40.61153500793101	39.01467495320756	9.108708539054987e-9
256	256	256	256	38.946812992937105	39.355582623198664	1.0130808859755921e-8
264	264	264	264	39.106269045310235	38.59237391496765	1.213514565540289e-8
272	272	272	272	38.83204278469056	38.19641584408362	1.443925475116228e-8
280	280	280	280	39.358329422511716	38.71111661697429	1.6999826148405494e-8
288	288	288	288	40.38462981966462	39.61578387656486	1.7805075547010787e-8
296	296	296	296	39.97559322347407	39.20186378004978	1.893100705496365e-8
304	304	304	304	40.31051526200721	39.681726565865574	2.108242587110014e-8
312	312	312	312	41.0635327966599	40.48421374650219	2.2693524008637676e-8
320	320	320	320	40.701342965454536	40.231310390551144	2.4803840887590364e-8
328	328	328	328	41.07780791795044	40.6701790205575	2.9348669747215273e-8
336	336	336	336	41.63416690081483	41.201509984831716	3.35986800632392e-8
344	344	344	344	41.43975189644435	41.01515665979178	3.793925149751581e-8
352	352	352	352	41.97986874014312	41.570835168144995	4.283324545583688e-8
360	360	360	360	42.613628579335646	42.18937882207301	4.473257794425945e-8
368	368	368	368	42.35172963100115	41.90685661357397	4.662895062836425e-8
376	376	376	376	42.58487233120425	42.31893581251531	5.108921911755555e-8
384	384	384	384	43.0814677862517	42.76662218663148	5.323427127746384e-8
392	392	392	392	42.707065994778276	42.44674926582118	5.627762775974708e-8
400	400	400	400	43.06338088584739	42.76889859059772	6.20291598340374e-8
408	408	408	408	43.38868846876971	43.26905969369301	6.753212582425512e-8
416	416	416	416	43.361948752929734	43.27184692296214	7.707503190711358e-8
424	424	424	424	43.665834595761055	43.54993972427426	8.738565523728654e-8
432	432	432	432	44.03434470077696	43.950836205364496	9.287579062540827e-8
440	440	440	440	43.78126891618051	43.722325966765055	9.785980251936933e-8
448	448	448	448	44.061442204125875	43.88712445775855	1.0637073785613562e-7
456	456	456	456	44.479086839793425	44.40206189791215	1.1197580669216169e-7
464	464	464	464	44.167504519386526	44.106749560714455	1.198551004528549e-7
472	472	472	472	44.47173367637772	44.40544516909314	1.2740411125515136e-7
480	480	480	480	44.86064559584956	44.81762748872843	1.4042602719284752e-7
488	488	488	488	44.51444023166882	44.61630352867014	1.3870767128049827e-7
496	496	496	496	44.71201346520302	44.830833448373504	1.4347809410992596e-7
504	504	504	504	44.90779943070771	45.025004490663775	1.5385719532468903e-7
512	512	512	512	41.42800893485974	43.624190188697646	1.6546119151591398e-7
520	520	520	520	42.52697481342578	44.242020920943126	1.7845948642607431e-7
528	528	528	528	43.242358947565634	44.6258732407475	1.9757432783175071e-7
536	536	536	536	43.100552483249764	44.48659063186998	2.1536721268723304e-7
544	544	544	544	43.382900909020414	44.599638095331755	2.3128323135329293e-7
552	552	552	552	43.53526359522466	44.980954380316014	2.4789980609099794e-7
560	560	560	560	43.29891925290035	44.60006201789783	2.585657416676582e-7
568	568	568	568	43.46260916990111	44.89182889185977	2.7339037233585366e-7
576	576	576	576	43.75451534815694	45.093612563295395	3.067941106989337e-7
584	584	584	584	43.45656317216779	44.79195845329805	3.043416259342544e-7
592	592	592	592	43.56020077088916	44.885046837040804	3.1907823618209814e-7
600	600	600	600	43.82739352099235	45.0948942193304	3.251583097720777e-7
608	608	608	608	43.626673670049904	45.010621686027	3.4858845368890717e-7
616	616	616	616	43.81522355929002	45.18468102446493	3.502614932704304e-7
624	624	624	624	43.99735187215975	45.374559330347395	3.554676609624997e-7
632	632	632	632	43.93767083198459	45.31725805205832	3.775706228717669e-7
640	640	640	640	44.24236714148907	45.521849446690226	3.813785843053479e-7
648	648	648	648	44.45795364309826	45.25156808100446	4.1199841276918844e-7
656	656	656	656	44.01519418479533	45.176832672611795	4.275166259093515e-7
664	664	664	664	44.422639336975045	45.493969373091254	4.768662611454575e-7
672	672	672	672	44.72023651303097	45.833203551772	5.153707217661486e-7
680	680	680	680	44.396495900042936	45.36284436194813	5.648699826307555e-7
688	688	688	688	44.63272228549876	45.68737510781829	6.002574488119966e-7
696	696	696	696	44.80898216962776	45.91259132291765	6.301799551782161e-7
704	704	704	704	44.71101817859712	45.946921729475015	6.403166115243851e-7
712	712	712	712	44.825433392274654	45.94927719414471	6.695373789177289e-7
720	720	720	720	45.146805770778485	46.151459267193125	7.106717467929842e-7
728	728	728	728	45.21999817047097	46.15855909023357	7.432117533560883e-7
736	736	736	736	45.28481472064484	46.24741874063363	7.510318286602843e-7
744	744	744	744	45.56162203734341	46.51219973045722	7.600961677492682e-7
752	752	752	752	45.28839314753469	46.24050080255879	7.989336470775393e-7
760	760	760	760	43.76367767585218	46.39478172849299	8.181572080731933e-7
768	768	768	768	43.57335000270178	46.279269342336534	8.478616682247104e-7
776	776	776	776	43.44310968045013	45.14139171955932	8.818085555604753e-7
784	784	784	784	43.69157182458891	45.606212620507485	8.759582683519012e-7
792	792	792	792	44.08574966218092	45.84506165314536	9.148223837173262e-7
800	800	800	800	44.08855755113207	45.60121404325903	9.458496661894843e-7
808	808	808	808	44.23079244849227	45.64710762785164	9.592315086743731e-7
816	816	816	816	44.53659756715273	45.78509864249597	1.0499636697891812e-6
824	824	824	824	44.41511287048476	45.55073908502548	1.0923806399065913e-6
832	832	832	832	44.519556332946905	45.88496399975007	1.2048766023953883e-6
840	840	840	840	44.78776968896872	46.065813162107794	1.2849173747444114e-6
848	848	848	848	44.63635932265261	45.66675259447339	1.2988394380822925e-6
856	856	856	856	44.582299308952415	46.210727445294765	1.3891287338115877e-6
864	864	864	864	44.96792745660353	46.299228175162604	1.475497150162853e-6
872	872	872	872	44.84777902222512	45.94729352808985	1.4709378442139343e-6
880	880	880	880	45.038662720395116	46.111113742488456	1.6505348399307448e-6
888	888	888	888	45.22975916536558	46.468222907052315	1.6315070372787376e-6
896	896	896	896	44.607462598383606	46.38598049629952	1.7454565342697948e-6
904	904	904	904	45.25754274241633	46.46642334422389	1.751678875909559e-6
912	912	912	912	45.29932509248083	46.476145218323005	1.713730716023065e-6
920	920	920	920	45.1951830664557	46.30801959233477	1.8633751630747755e-6
928	928	928	928	45.35900158051264	46.62936706288339	1.9441732943561323e-6
936	936	936	936	45.56347656867221	46.771485733100455	2.0003664227720853e-6
944	944	944	944	45.507034114788645	46.51031578940385	2.020536467699323e-6
952	952	952	952	45.55741338175287	46.75120411720949	2.0817140850797385e-6
960	960	960	960	45.705433262205304	46.994976902446595	2.0943421701548837e-6
968	968	968	968	45.74783823073778	46.976250001035815	2.114285218779796e-6
976	976	976	976	45.75074537897515	46.91333972484411	2.11305086028117e-6
984	984	984	984	45.94328648665279	47.14522702674818	2.2411267173911004e-6
992	992	992	992	45.777744696506254	47.01312021592513	2.2705453366973637e-6
1000	1000	1000	1000	45.99569579178135	47.184606588315845	2.272830110518248e-6
1008	1008	1008	1008	46.10430824885233	47.21606432071753	2.3692846298217773e-6
1016	1016	1016	1016	44.393692025255554	46.997821509216244	2.351587841120691e-6
1024	1024	1024	1024	44.05102569158457	46.59591161212265	2.4716171165246167e-6
1032	1032	1032	1032	44.410539737846015	45.87886437801516	2.6169892571436364e-6
1040	1040	1040	1040	44.69955189738763	46.09326676251128	2.783008779071675e-6
1048	1048	1048	1048	44.91534577591464	46.44464887041648	2.942781275712e-6
1056	1056	1056	1056	45.06916888488987	46.608235606959106	3.115946468563271e-6
1064	1064	1064	1064	44.89884631821537	46.55901168976801	3.1845981356123854e-6
1072	1072	1072	1072	45.05948122819482	46.64654589198663	3.358518108569115e-6
1080	1080	1080	1080	45.157611494830945	46.8675980922424	3.645489219483175e-6
1088	1088	1088	1088	44.859474897978984	46.61360732297576	3.624874003471521e-6
1096	1096	1096	1096	45.10910129811445	46.82562474909434	3.919798531429567e-6
1104	1104	1104	1104	45.25795173922096	46.83092330570792	4.024886115347304e-6
1112	1112	1112	1112	45.17087351561306	46.88450125768985	4.064658764773727e-6
1120	1120	1120	1120	45.23491728588822	46.8763303248003	4.068999381449321e-6
1128	1128	1128	1128	45.39142551591189	47.20410720211191	4.292362186286171e-6
1136	1136	1136	1136	45.29764665839415	46.85187033120295	4.423060248462009e-6
1144	1144	1144	1144	45.43003986978409	47.2354151945634	4.383550851262853e-6
1152	1152	1152	1152	45.1060248133265	47.28863485562599	4.506708334526721e-6
1160	1160	1160	1160	45.40828554097093	47.11384513038158	4.616450924259845e-6
1168	1168	1168	1168	45.49719810155471	47.090462038401554	4.750035840375537e-6
1176	1176	1176	1176	45.703256996812286	47.44593567004944	4.783365584449912e-6
1184	1184	1184	1184	45.6489789968795	47.28659435711794	4.892371427834741e-6
1192	1192	1192	1192	45.6815024278625	47.475046212223475	5.081427060670763e-6
1200	1200	1200	1200	45.891653007448596	47.558578776000296	5.042540618416973e-6
1208	1208	1208	1208	45.788653675207776	47.56527756501544	5.270905331423136e-6
1216	1216	1216	1216	45.76015156354303	47.55614465547682	5.287456110163076e-6
1224	1224	1224	1224	45.98761349349903	47.819685239153955	5.331222324665229e-6
1232	1232	1232	1232	45.8378628647047	47.49425398730429	5.58779636845761e-6
1240	1240	1240	1240	45.9806960197439	47.697619710221595	5.52133769515797e-6
1248	1248	1248	1248	46.00947741767524	47.69761737607548	5.735863236439391e-6
1256	1256	1256	1256	45.888275204605186	47.68976208771133	6.026170342902206e-6
1264	1264	1264	1264	44.57928240605968	47.58687582994772	5.869525592170396e-6
1272	1272	1272	1272	44.797548057807084	47.872205726987104	5.96616144913227e-6
1280	1280	1280	1280	44.06955466288078	47.66131465525507	6.354065507131125e-6
1288	1288	1288	1288	44.70719379229638	46.5671677910142	6.037434910612968e-6
1296	1296	1296	1296	44.87897751425504	46.883874309942435	6.663735309218656e-6
1304	1304	1304	1304	44.94836401923278	46.9300535371853	6.909577019915244e-6
1312	1312	1312	1312	44.95042223434409	46.87462396344349	6.8648276577689075e-6
1320	1320	1320	1320	45.33202164289227	47.485812912760366	7.237302394191878e-6
1328	1328	1328	1328	45.11843428962362	47.0980239625752	7.642596248313745e-6
1336	1336	1336	1336	45.22300749024338	47.337712304358035	8.028283226244493e-6
1344	1344	1344	1344	45.072882882266946	47.281889599814114	8.344384172147836e-6
1352	1352	1352	1352	45.14191929238139	47.28548786494721	8.674728618757656e-6
1360	1360	1360	1360	45.155879142945984	47.1845979200279	8.735283875941134e-6
1368	1368	1368	1368	45.01186853546242	47.13748082053851	9.103914400560721e-6
1376	1376	1376	1376	45.07710363510177	47.25660411597937	9.36770004981008e-6
1384	1384	1384	1384	45.223039105555905	47.27626398881549	9.489782014729026e-6
1392	1392	1392	1392	45.26994063996812	47.13134006976325	1.0144834862271146e-5
1400	1400	1400	1400	45.36136484940895	47.414037488235316	9.947459863643128e-6
1408	1408	1408	1408	45.27360334469165	47.759547963794304	9.884851253713946e-6
1416	1416	1416	1416	45.630457195023745	47.92340692708243	1.0584650483647241e-5
1424	1424	1424	1424	45.441857754300536	47.43360509004571	1.0899544985173906e-5
1432	1432	1432	1432	45.62024217379555	47.69309086918403	1.0976604371317228e-5
1440	1440	1440	1440	45.7494180937007	47.811082509793295	1.1158174172935442e-5
1448	1448	1448	1448	45.777066296271826	47.852493592063574	1.1201035460546493e-5
1456	1456	1456	1456	45.63837105344114	47.77414728953062	1.1376721856967442e-5
1464	1464	1464	1464	45.7993086246943	47.91132116306596	1.1874533311938317e-5
1472	1472	1472	1472	45.784374865357485	48.05245187490911	1.2030839870433452e-5
1480	1480	1480	1480	46.032082522331756	48.17442650884532	1.2244584366808835e-5
1488	1488	1488	1488	46.185685063198	48.169055307247305	1.2530308388898868e-5
1496	1496	1496	1496	46.175670827280356	48.299988011459035	1.2623315344171653e-5
1504	1504	1504	1504	46.17200756474725	48.234529918366455	1.244174682493805e-5
1512	1512	1512	1512	46.34676213324094	48.46105764000694	1.3091261646934445e-5
1520	1520	1520	1520	45.14925806678519	48.190604094803994	1.2916204122307525e-5
1528	1528	1528	1528	45.18124288243124	48.306343750738804	1.3359321084282795e-5
1536	1536	1536	1536	44.17692387436988	47.854094161305596	1.3034760411106724e-5
1544	1544	1544	1544	45.06254989531486	47.277940398042915	1.3605176351580475e-5
1552	1552	1552	1552	45.401294245422584	47.485682779824494	1.3496306711369626e-5
1560	1560	1560	1560	45.59461430480438	47.88248443739103	1.377518662869048e-5
1568	1568	1568	1568	45.39666654503377	47.6483542501472	1.427005405180678e-5
1576	1576	1576	1576	45.54050976411651	47.883118457847466	1.4040436773394975e-5
1584	1584	1584	1584	45.60773616151975	47.90662114570289	1.466110703022208e-5
1592	1592	1592	1592	45.4478200280754	47.957627400377866	1.440716517936473e-5
1600	1600	1600	1600	45.42701447674718	47.811528681502516	1.4752059271564906e-5
1608	1608	1608	1608	45.69175536369605	48.15284891807038	1.517786957698745e-5
1616	1616	1616	1616	45.54947668478298	47.81556547749836	1.5374763651278354e-5
1624	1624	1624	1624	45.79553293039592	48.10494088757143	1.604021236758267e-5
1632	1632	1632	1632	45.91909179561883	48.05291482162754	1.7141906205950067e-5
1640	1640	1640	1640	45.74004706338326	47.95212058579689	1.6864243937803954e-5
1648	1648	1648	1648	45.914774423031744	47.965382225473505	1.7330940927685642e-5
1656	1656	1656	1656	46.0494954397732	48.370864062727414	1.8012933896819e-5
1664	1664	1664	1664	45.37596850085841	48.09144073125447	1.9727426639153025e-5
1672	1672	1672	1672	45.70435254740148	48.27997934778525	1.9044873263158765e-5
1680	1680	1680	1680	46.02015590804611	48.08028054739542	2.0053929365908794e-5
1688	1688	1688	1688	46.00378916104284	48.30792401743659	2.004010627913351e-5
1696	1696	1696	1696	46.061486919829235	48.29684305152345	2.086877700302729e-5
1704	1704	1704	1704	45.960842675886205	48.393976539596416	2.140669927522883e-5
1712	1712	1712	1712	45.97143507801316	48.257430428672386	2.1972215678265133e-5
1720	1720	1720	1720	46.12017568662787	48.5776984037452	2.3436224955609107e-5
1728	1728	1728	1728	46.217004589940274	48.43369193657248	2.3492397785657916e-5
1736	1736	1736	1736	46.10951478095246	48.52614042901118	2.3451227632648946e-5
1744	1744	1744	1744	46.108825760073046	48.30100931766998	2.4275706667051153e-5
1752	1752	1752	1752	46.30019272501007	48.67156246836918	2.421628962890898e-5
1760	1760	1760	1760	46.103880916207586	48.34974956957909	2.4774962958048672e-5
1768	1768	1768	1768	45.36550728015775	48.6940105929971	2.584691351598257e-5
1776	1776	1776	1776	45.40835703693205	48.56858241801581	2.6295985894422302e-5
1784	1784	1784	1784	45.46900119030573	48.637476180008946	2.623552454460953e-5
1792	1792	1792	1792	45.53892225039002	48.515013094265136	2.6594494425505556e-5
1800	1800	1800	1800	45.54526351955885	47.92279105884963	2.683043350154131e-5
1808	1808	1808	1808	45.46882054885443	47.723482670618544	2.750371710571571e-5
1816	1816	1816	1816	45.660183985167	48.12723032567995	2.8315468650380143e-5
1824	1824	1824	1824	45.58854702817472	48.20653976061356	2.8686372443953285e-5
1832	1832	1832	1832	45.570935029515304	48.255804165800804	2.8656199895164513e-5
1840	1840	1840	1840	45.496732127830896	48.218842704514	2.9007627811586123e-5
1848	1848	1848	1848	45.70102714237747	48.461105572745694	2.9521392918235956e-5
1856	1856	1856	1856	45.451347940467116	48.35263381394249	3.045033239605346e-5
1864	1864	1864	1864	45.669071560047406	48.43088713917995	3.0298630393919364e-5
1872	1872	1872	1872	45.64921434977749	48.44981639381784	3.0723693891136475e-5
1880	1880	1880	1880	45.53791761644597	48.26074014988166	3.1675648991390865e-5
1888	1888	1888	1888	45.63135728591968	48.45771721912366	3.128221889919582e-5
1896	1896	1896	1896	45.80959340780773	48.5372249682986	3.1642039497039374e-5
1904	1904	1904	1904	45.70583780658278	48.367432512645934	3.226769988683884e-5
1912	1912	1912	1912	45.83785561702059	48.7096268767958	3.219020566188892e-5
1920	1920	1920	1920	45.39053942619839	48.70418430406376	3.274330043128976e-5
1928	1928	1928	1928	45.53381214610101	48.677006136324735	3.345732473809197e-5
1936	1936	1936	1936	45.73801272467748	48.51131600933298	3.409349209583717e-5
1944	1944	1944	1944	45.509749203454454	48.65084797779453	3.421135268423442e-5
1952	1952	1952	1952	45.58916167797252	48.52357166292133	3.406122536729608e-5
1960	1960	1960	1960	45.89331875542492	48.60140217747506	3.495424939004649e-5
1968	1968	1968	1968	45.6541940414132	48.315819740275394	3.4569871826919286e-5
1976	1976	1976	1976	45.53693832970415	48.262246936414336	3.6475558991124946e-5
1984	1984	1984	1984	45.57035063945402	48.56087624592153	3.5358668961185236e-5
1992	1992	1992	1992	45.75355924358617	48.37773453693692	3.655660302467829e-5
2000	2000	2000	2000	45.630049904359275	48.484235453113854	3.638017723650205e-5
2008	2008	2008	2008	46.03887581480935	48.97538008395791	3.6364793288983236e-5
2016	2016	2016	2016	45.75710910082443	48.712213945243974	3.72077191040733e-5
2024	2024	2024	2024	45.14294965433205	48.72720867242277	3.791834634288469e-5
2032	2032	2032	2032	45.018888509502005	48.563973969123886	3.849085024919594e-5
2040	2040	2040	2040	45.15335001673818	48.52344181375253	3.92634937469215e-5
2048	2048	2048	2048	42.723901174487246	47.32810798300254	3.94076414325607e-5
2056	2056	2056	2056	44.43203928477037	46.758734265667044	4.096738716175475e-5
2064	2064	2064	2064	44.579966271235264	47.146914745326384	4.101986283651051e-5
2072	2072	2072	2072	44.71721050909415	47.38163124483627	4.327116586788003e-5
2080	2080	2080	2080	44.52296430274213	47.42027992814348	4.494443172955231e-5
2088	2088	2088	2088	45.08116393015363	48.164605397928156	4.6207095297484456e-5
2096	2096	2096	2096	44.89369091953056	48.00590490235667	4.703784672881377e-5
2104	2104	2104	2104	45.01356870553814	48.18265865303698	4.685016077919611e-5
2112	2112	2112	2112	45.012079488411445	48.152101934390586	5.1350015505408875e-5
2120	2120	2120	2120	45.1352911882158	48.126114526433476	5.113911792731577e-5
2128	2128	2128	2128	45.09157686903924	48.03746157853164	5.089259444691341e-5
2136	2136	2136	2136	45.17004556659513	48.008792422339354	5.344898420496262e-5
2144	2144	2144	2144	44.92504919798793	47.84038034148083	5.334146175286595e-5
2152	2152	2152	2152	45.15920295849649	47.9916588879019	5.500020009655333e-5
2160	2160	2160	2160	45.18509483751086	48.07241807819674	5.489442167929151e-5
2168	2168	2168	2168	45.39810229574681	48.41441041533356	5.628673353390268e-5
2176	2176	2176	2176	45.07274484448006	48.36973023411569	5.7981442627108054e-5
2184	2184	2184	2184	45.55483647927886	48.59270702631243	5.766378958828344e-5
2192	2192	2192	2192	45.388442096269145	48.34331344717025	5.901100654697118e-5
2200	2200	2200	2200	45.56655807225403	48.60798112304853	6.14293461785933e-5
2208	2208	2208	2208	45.55197667428382	48.624847547263315	6.285077331977811e-5
2216	2216	2216	2216	45.54508957984197	48.5945226289675	6.342124667211683e-5
2224	2224	2224	2224	45.531967019097635	48.51540523144391	6.272595263639496e-5
2232	2232	2232	2232	45.74856457744394	48.79718979371724	6.479000211702049e-5
2240	2240	2240	2240	45.47589716796951	48.60179512448981	6.68632354948398e-5
2248	2248	2248	2248	45.71596354122089	48.715953779670194	6.57035709419918e-5
2256	2256	2256	2256	45.66146265966018	48.61264224859726	6.647924902779463e-5
2264	2264	2264	2264	45.784344961429284	48.663320598247054	6.802642359957599e-5
2272	2272	2272	2272	44.9336864008831	48.67080850134469	6.938339089772937e-5
2280	2280	2280	2280	45.22063795802544	48.791537645648866	6.959811583203269e-5
2288	2288	2288	2288	45.13794674125974	48.73406420218157	7.043574463429997e-5
2296	2296	2296	2296	45.249499955837486	48.728719498095366	7.154921299982928e-5
2304	2304	2304	2304	45.40067789795206	48.36711846051058	7.093163094486415e-5
2312	2312	2312	2312	45.28647590664746	48.06728884685226	7.279491620715276e-5
2320	2320	2320	2320	45.345549582745846	48.165328275554614	7.254186469621144e-5
2328	2328	2328	2328	45.54448852605929	48.44105825004584	7.412431323669802e-5
2336	2336	2336	2336	45.36871290106783	48.29318938755672	7.503408068662927e-5
2344	2344	2344	2344	45.55126951887287	48.43080653116173	7.59292057246383e-5
2352	2352	2352	2352	45.502518083630655	48.36818323967168	7.820011274678491e-5
2360	2360	2360	2360	45.51752438476435	48.55475682974447	7.583744223240621e-5
2368	2368	2368	2368	45.3715154312849	48.47759665264802	7.762959826323699e-5
2376	2376	2376	2376	45.627626050583636	48.676387586276846	7.849178136833156e-5
2384	2384	2384	2384	45.43730472394667	48.35879451441068	7.929487961949004e-5
2392	2392	2392	2392	45.54455434632114	48.46087613610672	8.160117506624996e-5
2400	2400	2400	2400	45.60406074470788	48.57243397684131	8.456493920265122e-5
2408	2408	2408	2408	45.652214592843116	48.56620727270929	8.386117220244777e-5
2416	2416	2416	2416	45.58969659915691	48.47315730638493	8.158149372883005e-5
2424	2424	2424	2424	45.784941895384	48.74694970913793	8.390420321631045e-5
2432	2432	2432	2432	45.242824479990546	48.46889155958214	8.375697620332062e-5
2440	2440	2440	2440	45.747532939939695	48.66407930400468	8.399628996148616e-5
2448	2448	2448	2448	45.75789746611149	48.61976688383889	8.554003763492237e-5
2456	2456	2456	2456	45.76212650082189	48.61550832580464	8.517192987735638e-5
2464	2464	2464	2464	45.754015558988144	48.60980254449018	8.758500477880768e-5
2472	2472	2472	2472	45.915260400640356	48.798721172042455	8.853671607570258e-5
2480	2480	2480	2480	45.77983860492969	48.61594796921098	8.901294669330424e-5
2488	2488	2488	2488	45.906902215888245	48.77233837035772	9.031596626902183e-5
2496	2496	2496	2496	45.848108268461296	48.79472885059115	8.979261196658194e-5
2504	2504	2504	2504	45.96215214632702	48.786422060750546	9.037518761644502e-5
2512	2512	2512	2512	45.89857026256464	48.69584354386621	9.168969157416963e-5
2520	2520	2520	2520	46.14573622315218	48.95948967710419	9.184021691248723e-5
2528	2528	2528	2528	45.25863834750329	48.69927721353193	9.268144694914327e-5
2536	2536	2536	2536	45.5551578357101	48.776084057192726	9.370714613662327e-5
2544	2544	2544	2544	45.475218832849734	48.76100002351187	9.388849782193058e-5
2552	2552	2552	2552	45.438266539553	48.61811971796383	9.675433087794737e-5
2560	2560	2560	2560	45.3122198248682	47.32151982986044	9.664602290725218e-5
2568	2568	2568	2568	45.51731167626906	48.05486207052581	9.595229693840989e-5
2576	2576	2576	2576	45.559727018332794	48.17381922695019	9.812438067080237e-5
2584	2584	2584	2584	45.72982808833517	48.35649427863581	1.0003662590776139e-4
2592	2592	2592	2592	45.66357864616684	48.38301061488217	1.0170026685716376e-4
2600	2600	2600	2600	45.71351400334836	48.422436098267106	1.0591207009191224e-4
2608	2608	2608	2608	45.670466075110106	48.26755006059902	1.0743660751287558e-4
2616	2616	2616	2616	45.49917944134214	48.270970439351274	1.1115804424868539e-4
2624	2624	2624	2624	45.55481495233463	48.02229064331565	1.1056531470939026e-4
2632	2632	2632	2632	45.650015766523275	47.833099149374966	1.133687237940221e-4
2640	2640	2640	2640	45.6876334483108	48.009909633708055	1.1967306521754057e-4
2648	2648	2648	2648	45.431892671764	47.82328200339499	1.2482094984007184e-4
2656	2656	2656	2656	45.46060756265538	47.47789796165275	1.2347872915687466e-4
2664	2664	2664	2664	45.65870367701839	47.596848512788846	1.2383682247531206e-4
2672	2672	2672	2672	45.461455999190385	47.403413587902484	1.2683868408203125e-4
2680	2680	2680	2680	45.707879397659255	47.883101485726314	1.271352402351602e-4
2688	2688	2688	2688	45.56671807592225	48.36582425896391	1.2933675034264741e-4
2696	2696	2696	2696	45.972059303262306	48.13672426248324	1.3464086334607234e-4
2704	2704	2704	2704	45.731299535635465	47.52430281182232	1.3484567861926303e-4
2712	2712	2712	2712	46.03386054859232	47.82801550799021	1.391492613100701e-4
2720	2720	2720	2720	45.79039602252985	47.14929578287801	1.3917560750422906e-4
2728	2728	2728	2728	45.90188850364218	47.21192940583536	1.4394638947588e-4
2736	2736	2736	2736	45.60043253435776	46.49763783776589	1.4411885439187368e-4
2744	2744	2744	2744	45.640955544467424	46.97640113853204	1.4684765257188775e-4
2752	2752	2752	2752	45.64285925288079	47.35356718763068	1.4860995519358334e-4
2760	2760	2760	2760	45.77211489305972	47.64983908523138	1.4613250228458045e-4
2768	2768	2768	2768	45.75136741940006	47.83764638711775	1.5078029016962643e-4
2776	2776	2776	2776	45.636383955021905	48.439615178545324	1.5583841549449555e-4
2784	2784	2784	2784	45.54719140341157	47.767181952482744	1.585863541119453e-4
2792	2792	2792	2792	45.65963431232676	47.74852674110249	1.5813353776075934e-4
2800	2800	2800	2800	45.540930255964575	47.384691050416684	1.5949846557376305e-4
2808	2808	2808	2808	45.70795536030561	47.67865247459131	1.6285734236701012e-4
2816	2816	2816	2816	45.72308856647414	47.53302159265936	1.6044773263389602e-4
2824	2824	2824	2824	45.503205071214865	46.884468273520795	1.654892880514821e-4
2832	2832	2832	2832	45.56249064612268	47.1925649758976	1.6681754586146084e-4
2840	2840	2840	2840	45.45952577262411	47.49806156266969	1.6652714272730626e-4
2848	2848	2848	2848	45.726848739871876	47.82978025076736	1.7354285131156071e-4
2856	2856	2856	2856	45.667061855629605	48.28815502171368	1.7090854205121343e-4
2864	2864	2864	2864	45.813126759414736	48.14203788950112	1.7362160846455294e-4
2872	2872	2872	2872	45.95583180696205	48.34605296000891	1.729345131667204e-4
2880	2880	2880	2880	45.84994654442537	48.29817350980303	1.7672735965223977e-4
2888	2888	2888	2888	45.998504881420914	48.33719194772661	1.7832928783229453e-4
2896	2896	2896	2896	45.94794347960945	48.24432441509299	1.7864282686553716e-4
2904	2904	2904	2904	45.953228555950695	48.21007232463355	1.8335551335414173e-4
2912	2912	2912	2912	45.94175220985398	48.26591294040049	1.8163302580962614e-4
2920	2920	2920	2920	45.8051946022753	48.275953971831804	1.839434489880329e-4
2928	2928	2928	2928	46.02686989592187	48.22777347735472	1.8493168811960654e-4
2936	2936	2936	2936	46.11910503644217	48.37240683289582	1.8991846961263428e-4
2944	2944	2944	2944	45.760609829737504	48.25220252881672	1.9177407045534273e-4
2952	2952	2952	2952	46.22378416944337	49.16288338373134	1.932355741117921e-4
2960	2960	2960	2960	46.062407900882604	48.92154299946784	1.936409514925778e-4
2968	2968	2968	2968	46.09924693564093	49.05550250383102	1.9633722942182435e-4
2976	2976	2976	2976	46.21471324803349	49.041671626152855	1.931562799899292e-4
2984	2984	2984	2984	46.18889674054089	49.117646524417296	1.9534267252084214e-4
2992	2992	2992	2992	46.15885129386942	49.04227694785108	2.0262339276889266e-4
3000	3000	3000	3000	46.017450136657445	49.15428836220902	1.9967338930914404e-4
3008	3008	3008	3008	46.11025020979299	49.01610757849958	2.0190182847445114e-4
3016	3016	3016	3016	46.22895486609675	49.136768313647316	2.0481266129304784e-4
3024	3024	3024	3024	46.31863368599137	49.13789411423125	2.0374175426497414e-4
3032	3032	3032	3032	45.796166978089005	49.16393060743076	2.0650600145575e-4
3040	3040	3040	3040	45.786299241350584	49.05696355161158	2.0940861769996015e-4
3048	3048	3048	3048	45.932695324895654	49.23549952369912	2.0713429640760567e-4
3056	3056	3056	3056	45.79856863448235	49.069387494814706	2.1202490646773353e-4
3064	3064	3064	3064	45.87010519352747	49.06594397064173	2.1154607924552937e-4
3072	3072	3072	3072	45.17592903971185	46.75451655516195	2.111427721495392e-4
3080	3080	3080	3080	45.803157518338416	48.419594784712594	2.1258235335696977e-4
3088	3088	3088	3088	45.93964498542081	48.643674599486914	2.1467670124746747e-4
3096	3096	3096	3096	46.07144022650099	48.7895282238548	2.1809110649400885e-4
3104	3104	3104	3104	45.969679247076456	48.62129618387898	2.1582176022555123e-4
3112	3112	3112	3112	46.057563000505304	48.78485002402929	2.1773895724205378e-4
3120	3120	3120	3120	46.04203275203005	48.747736894083005	2.203448204107338e-4
3128	3128	3128	3128	46.05477866816314	48.83257301755763	2.2656502474523177e-4
3136	3136	3136	3136	45.95102043111737	48.601905600498895	2.2439735774660576e-4
3144	3144	3144	3144	46.121507437093285	48.74552652551767	2.2169415390565667e-4
3152	3152	3152	3152	46.08243497169775	48.49473491934141	2.2693491438486438e-4
3160	3160	3160	3160	46.190733936978376	48.56645720057503	2.3186203753120592e-4
3168	3168	3168	3168	46.16039272048702	48.63605964017839	2.2772556542413388e-4
3176	3176	3176	3176	46.12327036867476	48.655862438496	2.2965229515583028e-4
3184	3184	3184	3184	46.178034222719816	48.571792258827614	2.3390053457261363e-4
3192	3192	3192	3192	46.30514663988239	48.81355711677908	2.320203571786116e-4
3200	3200	3200	3200	45.86444743804084	47.95357823185833	2.3155182452708802e-4
3208	3208	3208	3208	46.275857953681616	48.78201915252466	2.3709370141269817e-4
3216	3216	3216	3216	46.23408114592569	48.5499931387993	2.353477605554905e-4
3224	3224	3224	3224	46.2574958914171	48.72487634443512	2.3842048644256598e-4
3232	3232	3232	3232	46.245291778729026	48.517344574696786	2.4121233130504303e-4
3240	3240	3240	3240	46.31051102546804	48.64150967698796	2.4633185603123263e-4
3248	3248	3248	3248	46.282108599838125	48.41069962239864	2.4517905313584066e-4
3256	3256	3256	3256	46.4199403933525	48.51345483753189	2.4698289133532204e-4
3264	3264	3264	3264	46.34638723737462	48.47992545468097	2.5740529293707596e-4
3272	3272	3272	3272	46.45427408525915	48.56361460504991	2.644835875693031e-4
3280	3280	3280	3280	45.831364004085664	48.290404427333016	2.692530165483254e-4
3288	3288	3288	3288	46.092235993899706	48.586289290091926	2.715808442458745e-4
3296	3296	3296	3296	45.97321748230446	47.66975623272954	2.815088439521146e-4
3304	3304	3304	3304	46.06887816501203	47.547193770079545	2.841037245413056e-4
3312	3312	3312	3312	46.03603671641969	47.06330887503546	2.964512374134081e-4
3320	3320	3320	3320	46.04975479178443	46.956340752542985	2.8851445905719435e-4
3328	3328	3328	3328	45.74728961413545	47.134277533370344	2.950158010341748e-4
3336	3336	3336	3336	45.8805362241074	46.168899114035035	3.096979337007968e-4
3344	3344	3344	3344	45.67293881665401	45.86976885131857	3.1485193228213316e-4
3352	3352	3352	3352	45.920974904995575	46.2938016136909	3.1485409875662353e-4
3360	3360	3360	3360	45.78925990666107	46.82283717343529	3.214214941648137e-4
3368	3368	3368	3368	46.000304360917276	47.682277137488974	3.270331255590706e-4
3376	3376	3376	3376	45.865732698351266	46.984135327549716	3.2276663084689457e-4
3384	3384	3384	3384	46.09518901453199	46.5996709035001	3.318207651916299e-4
3392	3392	3392	3392	45.72287305273591	46.18815701750825	3.366591907932097e-4
3400	3400	3400	3400	45.92206778859866	46.33415884670042	3.445018944070954e-4
3408	3408	3408	3408	45.7052881086224	46.02073910963973	3.3602542330020613e-4
3416	3416	3416	3416	45.65151168624309	45.96804388197641	3.4975379842038196e-4
3424	3424	3424	3424	45.56266035231548	46.243710501912815	3.4954050177110293e-4
3432	3432	3432	3432	45.75844821372321	46.29881860394919	3.6273614101739476e-4
3440	3440	3440	3440	45.369223043226754	46.01742888817152	3.6142558055413186e-4
3448	3448	3448	3448	45.55993723003472	46.49762041263281	3.655758456900879e-4
3456	3456	3456	3456	45.535580848094796	47.24141097206445	3.6506143355127953e-4
3464	3464	3464	3464	45.748021735294344	46.438032345910074	3.703723467853386e-4
3472	3472	3472	3472	45.44617686273422	46.094293727209	3.799976316554267e-4
3480	3480	3480	3480	45.645855392568954	46.1182662164882	3.82604401579665e-4
3488	3488	3488	3488	45.52512464056095	45.95262342090243	3.85918897430696e-4
3496	3496	3496	3496	45.63947236234789	46.86778838019907	3.887536113678622e-4
3504	3504	3504	3504	45.397860268716684	46.412964840062294	3.892346688327421e-4
3512	3512	3512	3512	45.1634286177218	45.68660512038227	3.9689096233599497e-4
3520	3520	3520	3520	45.25635103484196	46.63957393075665	3.975698257440365e-4
3528	3528	3528	3528	45.3806756722868	47.047202715200164	4.0460300215262423e-4
3536	3536	3536	3536	44.88481763724899	47.110121900931276	4.061376344331338e-4
3544	3544	3544	3544	45.08125379781978	47.59841830626002	4.066982111449841e-4
3552	3552	3552	3552	45.050066938184024	47.40163753782346	4.071697946958716e-4
3560	3560	3560	3560	45.12392558722865	47.64207010104379	4.151811580005117e-4
3568	3568	3568	3568	45.00026087086469	47.444150473782855	4.222174266702901e-4
3576	3576	3576	3576	44.99765836386222	47.41724046693386	4.253585237771151e-4
3584	3584	3584	3584	45.49424919949585	46.21872171303968	4.211317152543511e-4
3592	3592	3592	3592	46.09571017106868	47.14890502405805	4.2761659948431166e-4
3600	3600	3600	3600	46.13339553240172	47.216262337690644	4.335087077811032e-4
3608	3608	3608	3608	46.106164081843566	47.17670479437648	4.263436203489295e-4
3616	3616	3616	3616	45.93537016259676	47.0011128427052	4.380859484523201e-4
3624	3624	3624	3624	46.06744189414965	47.15939480979398	4.449534599585841e-4
3632	3632	3632	3632	45.9064617198915	47.013994386719425	4.43384461724414e-4
3640	3640	3640	3640	45.506695696719966	47.13004871314871	4.420733094316317e-4
3648	3648	3648	3648	45.76252583900137	46.88863957638812	4.565276904214352e-4
3656	3656	3656	3656	45.6744878359991	46.917054963216785	4.61086738451682e-4
3664	3664	3664	3664	45.61376414128219	46.744565026093895	4.5745213159354374e-4
3672	3672	3672	3672	45.715327731647044	46.958332475084475	4.5582090822819085e-4
3680	3680	3680	3680	45.64111995780721	46.7527071076243	4.7301909614719836e-4
3688	3688	3688	3688	45.774189346120096	46.68970367013289	4.692206051472597e-4
3696	3696	3696	3696	45.85911205785082	46.799628574687844	4.7548651143986166e-4
3704	3704	3704	3704	45.8700633280609	46.88635478667396	4.720080943540058e-4
3712	3712	3712	3712	45.47639160584689	46.81756226497299	4.7520309842829253e-4
3720	3720	3720	3720	45.90127100093227	46.951479923859246	4.834239923159709e-4
3728	3728	3728	3728	45.754438765767425	46.697110658137575	4.86026668016381e-4
3736	3736	3736	3736	45.82640232344115	46.93929311184009	4.8139019675065754e-4
3744	3744	3744	3744	45.77235497297521	46.84126038624225	4.895227544810904e-4
3752	3752	3752	3752	45.73009207083374	46.717058300004325	4.96290593214585e-4
3760	3760	3760	3760	45.75723613787372	46.753521888594825	4.940806147922302e-4
3768	3768	3768	3768	45.958063068797465	46.850167715504156	4.984522301705063e-4
3776	3776	3776	3776	45.87355035448289	46.793168606046706	5.025657797982551e-4
3784	3784	3784	3784	45.51423998157959	46.78590429671857	5.031321238812063e-4
3792	3792	3792	3792	45.57318873781963	46.69172963004711	5.114042397573794e-4
3800	3800	3800	3800	45.662594588235585	46.778820786332275	5.109245065798784e-4
3808	3808	3808	3808	45.67767166313736	46.65349504104178	5.171428136237166e-4
3816	3816	3816	3816	45.82485333665081	46.801778281679226	5.162981717405433e-4
3824	3824	3824	3824	45.85564953406062	46.53565007165385	5.213882359846392e-4
3832	3832	3832	3832	46.06848206408008	46.64445168283799	5.223765758422364e-4
3840	3840	3840	3840	45.93550048714992	46.633114256254764	5.24251391803336e-4
3848	3848	3848	3848	45.61731383820574	46.09943820347785	5.188801207383674e-4
3856	3856	3856	3856	45.541001402898786	46.08787902039457	5.269497209496265e-4
3864	3864	3864	3864	45.60654558298701	46.22784423213813	5.295323337759536e-4
3872	3872	3872	3872	45.44249623259433	46.08489935877612	5.385611313590889e-4
3880	3880	3880	3880	45.59125870447947	46.27065676708965	5.36148839002173e-4
3888	3888	3888	3888	45.477819621330255	46.12756828718379	5.38217149943668e-4
3896	3896	3896	3896	45.56426646411158	46.1834503264659	5.368684555505038e-4
3904	3904	3904	3904	45.37572787759497	46.13602928140295	5.455231745704708e-4
3912	3912	3912	3912	45.47296568392461	46.1785298331242	5.620868560497857e-4
3920	3920	3920	3920	45.3509211474738	46.072448585128306	5.501159339672671e-4
3928	3928	3928	3928	45.44664359027298	46.061595515176954	5.559493894166367e-4
3936	3936	3936	3936	45.312488368994	46.09477326978863	5.618333690059732e-4
3944	3944	3944	3944	45.4361343219456	46.04315505219631	5.591679685564996e-4
3952	3952	3952	3952	45.42301808153121	46.058623009120524	5.657845187868896e-4
3960	3960	3960	3960	45.451417282601184	46.06668932428836	5.709349932066697e-4
3968	3968	3968	3968	45.1817385590561	46.175765141279626	5.713969730131616e-4
3976	3976	3976	3976	45.397080088446494	45.70900552391808	5.723748351195299e-4
3984	3984	3984	3984	45.281686483771004	45.37287354269167	5.782076731439072e-4
3992	3992	3992	3992	45.26913778762874	45.28634757761209	5.715778017379451e-4
4000	4000	4000	4000	45.05751923573611	44.9671863067983	5.826397899306405e-4
4008	4008	4008	4008	45.21769547524255	45.47032224201935	5.871174540055263e-4
4016	4016	4016	4016	44.801667518997256	44.58268905377092	5.964584833772447e-4
4024	4024	4024	4024	44.72908463285055	44.091196584555426	5.922768601761705e-4
4032	4032	4032	4032	44.79698924372234	44.83504604909322	5.865411052206721e-4
4040	4040	4040	4040	44.328515224338915	44.76323994645248	5.933611462348196e-4
4048	4048	4048	4048	44.46910399926983	45.29653235041312	5.923384725391052e-4
4056	4056	4056	4056	44.72354233013263	45.46982754099081	6.014266380646388e-4
4064	4064	4064	4064	44.49626040709027	44.58292372773041	5.980167249332256e-4
4072	4072	4072	4072	44.61765226610244	44.48411388347698	6.015793537875882e-4
4080	4080	4080	4080	44.452206645921216	43.77654369500496	6.090435152868447e-4
4088	4088	4088	4088	43.85734126664903	43.2151227115172	6.220685690500008e-4
4096	4096	4096	4096	43.323106126184236	44.99722482953862	6.060795364421541e-4
# Flush value 10737418240
