8 -0.525777499478188
16 0.00888703328164161
24 -0.0132798023471277
32 0.0195829407185875
40 -0.00309997416688191
48 0.0275020341741254
56 0.0110471385266413
64 0.00456756046267105
72 0.0344564931377847
80 0.0265604965142716
88 0.0150620226901513
96 0.00774738995697579
104 0.0149296408733901
112 0.0152534230122509
120 0.0202301376830022
128 -0.00585119854595305
136 0.0263580547458408
144 0.0318303861782967
152 0.0395884831791323
160 0.0269726806268203
168 0.0384409534291187
176 0.0309772156849963
184 0.033596360799093
192 0.0248686635730675
200 0.0250304671393902
208 0.0331757618634167
216 0.0438766651492824
224 0.0403704921818418
232 0.0354734425064852
240 0.0389020186225034
248 0.0409297285351897
256 -0.0103865729590446
264 0.0133159761427185
272 0.0166410100675819
280 0.0167190425412228
288 0.0194075660725364
296 0.0197370575992372
304 0.0158457998317674
312 0.0143097517907893
320 0.0116832529276448
328 0.0100227957488679
336 0.0105009965931442
344 0.0103521544529126
352 0.00983943599746483
360 0.0100558427051472
368 0.0106157572620963
376 0.00628410222476084
384 0.00736194685299786
392 0.00613278362794921
400 0.00688543088445125
408 0.00276476484406098
416 0.00208222750759875
424 0.00266119476216396
432 0.00190004338079634
440 0.00134812016772067
448 0.00397195643417247
456 0.00173471542962059
464 0.00137745264108477
472 0.00149280132272411
480 0.000959847933314787
488 -0.00228309584042208
496 -0.00265040763311513
504 -0.00260311045566618
512 -0.0503431982195718
520 -0.0387650941755575
528 -0.0310025147456071
536 -0.0311563131481527
544 -0.0272813242051553
552 -0.0321400647231264
560 -0.0291735640294701
568 -0.031836968046045
576 -0.0296959400460284
584 -0.029813281830992
592 -0.0295164238317856
600 -0.028107410390481
608 -0.0307471428773162
616 -0.0303080033791414
624 -0.030351974289402
632 -0.0304428661259454
640 -0.0281069930319842
648 -0.0175378328654945
656 -0.025713145855856
664 -0.0235488362716901
672 -0.0242829859685425
680 -0.0213026426252009
688 -0.0230841194056485
696 -0.0240371785057362
704 -0.0268985060229848
712 -0.0244583564856004
720 -0.0217686182055093
728 -0.0203334102766908
736 -0.020814221554446
744 -0.0204371691432033
752 -0.0205903404699158
760 -0.0567112066188456
768 -0.0584693617269226
776 -0.0376213930146364
784 -0.0419820170521598
792 -0.0383751690481963
800 -0.0331714083465408
808 -0.0310274900855976
816 -0.0272687208799508
824 -0.0249310162107566
832 -0.0297571916327667
840 -0.0277438600430557
848 -0.0225633138614169
856 -0.0352391798694387
864 -0.0287542745533985
872 -0.0239299079758103
880 -0.0232579726458688
888 -0.0266518421452002
896 -0.0383417118467032
904 -0.0260162180517351
912 -0.0253209494960056
920 -0.0240311837058841
928 -0.0272438929024613
936 -0.0258278980343216
944 -0.0215711645381641
952 -0.0255349730129662
960 -0.0274400313658662
968 -0.0261496345551412
976 -0.0247817433737995
984 -0.0254944268146903
992 -0.0262772501324089
1000 -0.0251970056020113
1008 -0.0235461402355254
1016 -0.0554095785790842
1024 -0.0546160775160366
1032 -0.0320043806679913
1040 -0.0302368428843318
1048 -0.0329274336591217
1056 -0.0330213470221867
1064 -0.0356572296382633
1072 -0.0340231979333856
1080 -0.0364854754034109
1088 -0.0376313382665874
1096 -0.0366577800120667
1104 -0.0335883099339885
1112 -0.0365499833870095
1120 -0.0350158177386952
1128 -0.0384009314790922
1136 -0.0331731404065998
1144 -0.0382207993164227
1152 -0.046155065566242
1160 -0.0362008149555768
1168 -0.0338341113652179
1176 -0.0367297777697159
1184 -0.0346317044503319
1192 -0.0377786632654018
1200 -0.0350499491669606
1208 -0.0373512776705498
1216 -0.0377657420496334
1224 -0.0383120829108857
1232 -0.034875610911635
1240 -0.0359960035932308
1248 -0.0353925426733576
1256 -0.0377751283345225
1264 -0.0632021617606441
1272 -0.0642263631367781
1280 -0.0753600696572113
1288 -0.0399417462334209
1296 -0.0427630358027435
1304 -0.0422264491213998
1312 -0.0410499661949298
1320 -0.0453565209850146
1328 -0.0420312681169934
1336 -0.0446727294407078
1344 -0.0467199330704383
1352 -0.0453324829530806
1360 -0.042995360064747
1368 -0.0450938880923379
1376 -0.0461205480514124
1384 -0.043430354051355
1392 -0.0394938787447993
1400 -0.0432925088764206
1408 -0.0520512593835102
1416 -0.0478461336346039
1424 -0.0419902162604789
1432 -0.0434622428031355
1440 -0.0431210570409131
1448 -0.0433713509996888
1456 -0.0447056903631542
1464 -0.044081701090718
1472 -0.0472000266595328
1480 -0.0444705654382873
1488 -0.0411751949752458
1496 -0.0439817331564283
1504 -0.0427602872280477
1512 -0.0436287528529
1520 -0.0631107678591382
1528 -0.0646933844638111
1536 -0.0768412891599367
1544 -0.0468588623801337
1552 -0.043895094529156
1560 -0.0477809403473657
1568 -0.0472563583894711
1576 -0.0489234780268793
1584 -0.047986790326776
1592 -0.0523338519512059
1600 -0.0498732056998182
1608 -0.0511100300329427
1616 -0.0473922826193864
1624 -0.0480077080350841
1632 -0.0444056938882783
1640 -0.0461308800401381
1648 -0.0427518286584761
1656 -0.0479910513887835
1664 -0.0564647718826041
1672 -0.0533477195967758
1680 -0.0428476002197727
1688 -0.0476968303494491
1696 -0.0462836904124256
1704 -0.050277617953536
1712 -0.0473708469421735
1720 -0.0505895256027171
1728 -0.0457674659519064
1736 -0.0498004915844069
1744 -0.0453858747170107
1752 -0.0487218741929689
1760 -0.0464504712716148
1768 -0.0683554973662005
1776 -0.0650672764933636
1784 -0.0651447245736308
1792 -0.0613437089688617
1800 -0.049611625006798
1808 -0.0472442913968686
1816 -0.0512609249237551
1824 -0.0543078334483121
1832 -0.0556382632659199
1840 -0.0564532540393857
1848 -0.0569545081101179
1856 -0.0600026440056878
1864 -0.0570259134670749
1872 -0.0578041828120882
1880 -0.0564189965794044
1888 -0.0583263119973916
1896 -0.0561966936155164
1904 -0.0550286539474111
1912 -0.0589569545880316
1920 -0.0680361436130014
1928 -0.0645724591488001
1936 -0.0571681725583769
1944 -0.064564111519161
1952 -0.0604739075131005
1960 -0.0557202735048915
1968 -0.0550880790840335
1976 -0.0564687468923855
1984 -0.0615830239825763
1992 -0.0542434514238604
2000 -0.0588683212611383
2008 -0.059958784681498
2016 -0.0606645562803057
2024 -0.0735576511715771
2032 -0.0729982571417196
2040 -0.069452859711596
2048 -0.0972827143263122
2056 -0.049759580053583
2064 -0.0544457360138413
2072 -0.0562331997810331
2080 -0.0610986613700232
2088 -0.0640188254902046
2096 -0.0648298160227644
2104 -0.065772417630987
2112 -0.065210495904365
2120 -0.0621455392284983
2128 -0.0613247372506657
2136 -0.0591297283791564
2144 -0.0609387116633166
2152 -0.059019754579049
2160 -0.0600619514497738
2168 -0.062301866194604
2176 -0.0681621620314564
2184 -0.0625170058006564
2192 -0.0611226484119712
2200 -0.062570445851172
2208 -0.0631954860113991
2216 -0.0627526084042185
2224 -0.0614946571736072
2232 -0.062475425924339
2240 -0.064316512353372
2248 -0.061581268674683
2256 -0.0607080679516497
2264 -0.0591611012447325
2272 -0.0767836453828035
2280 -0.0731868651805416
2288 -0.073790633303283
2296 -0.0713997736467069
2304 -0.0613317612662925
2312 -0.0578525023340671
2320 -0.0585437449253282
2328 -0.0597957565054601
2336 -0.0605567063094494
2344 -0.0594567222504561
2352 -0.0592469049714193
2360 -0.0625527269270458
2368 -0.0640725084541388
2376 -0.0626332743014138
2384 -0.0604127919192325
2392 -0.0601788911449893
2400 -0.0611123015484197
2408 -0.060000416822823
2416 -0.0594857209115241
2424 -0.0607629365822387
2432 -0.0665595390318723
2440 -0.0599322211737596
2448 -0.0588622611985144
2456 -0.0586928312229166
2464 -0.0587491994621511
2472 -0.059088859341955
2480 -0.0583370166118623
2488 -0.0587512563517151
2496 -0.0603880921472557
2504 -0.0578904907374975
2512 -0.0574437791344908
2520 -0.0574710535691686
2528 -0.0706507172774341
2536 -0.0660349489660939
2544 -0.0673854348573199
2552 -0.0654046926713193
2560 -0.0424605974663635
2568 -0.0528052789025305
2576 -0.054263752606
2584 -0.054318788602943
2592 -0.0562063404933891
2600 -0.0559435318252336
2608 -0.0538060038727535
2616 -0.057421488998065
2624 -0.0513818824118185
2632 -0.0456395973013222
2640 -0.0483707676834862
2648 -0.0500047096613158
2656 -0.0424890419669949
2664 -0.0407200244623275
2672 -0.0409666191045721
2680 -0.0454277609547803
2688 -0.0578736375514759
2696 -0.044969095682899
2704 -0.0377281342408419
2712 -0.0375126364818158
2720 -0.0288212101110881
2728 -0.0277480907618077
2736 -0.0192957179145005
2744 -0.0284280098453354
2752 -0.036126273823712
2760 -0.0394067268267783
2768 -0.0436116557832892
2776 -0.0578706336371767
2784 -0.0464752254231692
2792 -0.0437477880752619
2800 -0.0389104741126279
2808 -0.0413329029241318
2816 -0.0380773821133377
2824 -0.0294609974938339
2832 -0.0345409140318487
2840 -0.0429182944098867
2848 -0.0439669908552787
2856 -0.0542802508173164
2864 -0.0483758318547266
2872 -0.0494398406220258
2880 -0.0506898457532922
2888 -0.048382766397246
2896 -0.0475989862709142
2904 -0.0468127024055447
2912 -0.0481532532786942
2920 -0.0511799180809177
2928 -0.0456356041911468
2936 -0.0465823791699627
2944 -0.0516368697903729
2952 -0.0597828892855491
2960 -0.0584432731121407
2968 -0.0602634855887823
2976 -0.0576440052792126
2984 -0.0596272417576129
2992 -0.0587946937506132
3000 -0.0638161659962766
3008 -0.059283723499522
3016 -0.0591779546629839
3024 -0.0573744658589951
3032 -0.0685006993487364
3040 -0.0666707450578349
3048 -0.067081764798866
3056 -0.0666570142265988
3064 -0.0651335431154951
3072 -0.0337633159694346
3080 -0.0540367443801958
3088 -0.0555885145670024
3096 -0.055710479201249
3104 -0.0545361219243206
3112 -0.0559043847051009
3120 -0.0555042000807502
3128 -0.0568840464006626
3136 -0.0545428237150091
3144 -0.0538309723057508
3152 -0.0497435433280727
3160 -0.0489169562808573
3168 -0.0509018809913255
3176 -0.0520511186709021
3184 -0.0492828846700164
3192 -0.0513875780635224
3200 -0.0435656914634487
3208 -0.0513746917897584
3216 -0.047701592588338
3224 -0.0506390295498373
3232 -0.0468297021587761
3240 -0.0479220046211416
3248 -0.0439694331865359
3256 -0.0431532747191562
3264 -0.0440086942646144
3272 -0.0434345865097821
3280 -0.0509219264656956
3288 -0.0513324506282233
3296 -0.0355894152708138
3304 -0.0310915426936886
3312 -0.0218274529175887
3320 -0.019306997654187
3328 -0.029426311207442
3336 -0.00624582555489119
3344 -0.00429106227464453
3352 -0.00805349087133662
3360 -0.0220742126955222
3368 -0.0352745900058806
3376 -0.0238038355159994
3384 -0.0108258680627338
3392 -0.0100736637877967
3400 -0.00889389315267788
3408 -0.00685454008606424
3416 -0.0068859183250439
3424 -0.0147274114080695
3432 -0.0116713645514031
3440 -0.0140860943474264
3448 -0.0201662617199941
3456 -0.0361087886426249
3464 -0.0148587391790406
3472 -0.0140606745882778
3480 -0.0102434645244827
3488 -0.00930303317888537
3496 -0.0262081071094477
3504 -0.0218711425750031
3512 -0.0114514199792679
3520 -0.0296577086653554
3528 -0.0354224469625043
3536 -0.0472362238493442
3544 -0.0528833645740954
3552 -0.0496094802160165
3560 -0.0528554806387385
3568 -0.0515108728581541
3576 -0.0510274760666202
3584 -0.0156748712792599
3592 -0.0223376312228666
3600 -0.0229341915618873
3608 -0.0226921468381259
3616 -0.0226748392889136
3624 -0.0231545150239619
3632 -0.023557510508845
3640 -0.034444119213818
3648 -0.024016771387708
3656 -0.0264843376932304
3664 -0.0241910665802637
3672 -0.0264703765640945
3680 -0.0237758884690512
3688 -0.0196084843562296
3696 -0.0200966662659736
3704 -0.0216756338435146
3712 -0.0286467426803533
3720 -0.022367962088311
3728 -0.0201869425984684
3736 -0.0237091510037721
3744 -0.0228197406400488
3752 -0.0211264635464107
3760 -0.0213093198218324
3768 -0.0190416532150741
3776 -0.0196528313631871
3784 -0.027180500927673
3792 -0.0239558675827608
3800 -0.0238617857255356
3808 -0.0209164045918955
3816 -0.0208736714906159
3824 -0.0146124645631079
3832 -0.0123480842410637
3840 -0.0149596221532915
3848 -0.0104583566321149
3856 -0.011865974940044
3864 -0.0134399226152793
3872 -0.0139395579706187
3880 -0.0146831298727837
3888 -0.0140859076248783
3896 -0.0134070507503743
3904 -0.0164795587234129
3912 -0.0152790517963498
3920 -0.015660713936689
3928 -0.0133506431556709
3936 -0.0169712278703701
3944 -0.0131837344674267
3952 -0.0137999116357311
3960 -0.0133561158987559
3968 -0.0215270191881433
3976 -0.00682415711950604
3984 -0.00200972633648315
3992 -0.000380021593789456
4000 0.00200886327024102
4008 -0.00555586048922578
4016 0.0049117374899084
4024 0.014467469647185
4032 -0.000848818250999774
4040 -0.00971164559655644
4048 -0.0182669248220223
4056 -0.0164127565732553
4064 -0.00194386804170579
4072 0.00300193419554797
4080 0.0154343603648488
4088 0.0148609679861136
4096 -0.0372049322974113
# -0.0353043055046645
