9 -0.0270638398673458
9 0.0039884544738914
9 0.0471888471063009
9 0.0191774491682072
9 0.0481616429281218
9 0.0626608061749571
9 0.0734635734635733
9 0.0754616612204574
9 0.0608969412636192
9 0.0642062891076481
9 0.0430218938643122
9 0.0549166840044637
9 0.0505561917225584
9 0.0476901762133611
9 0.0332983585995634
9 0.0516284717419035
9 0.0571169371466273
9 0.0529967704226189
9 0.0594292137373281
9 0.060306110482493
9 0.0444100072597308
9 0.056361513252891
9 0.0532935994481739
9 0.05521429952084
9 0.0579375496847903
9 0.0563834453652004
9 0.0629529346181413
9 0.0542129619905765
9 0.0594196924620953
9 0.0526280999402769
9 0.0168857964912708
9 0.0286215599936366
9 0.0199218598240241
9 0.0222332362850583
9 0.0184035383288155
9 0.0243930825791083
9 0.0267341021907557
9 0.0239065010568911
9 0.119762276151035
9 0.125830184948171
9 0.120233360713378
9 0.0190462715712966
9 0.0168375467282332
9 0.0197210310056556
9 0.0299762856426636
9 0.122603372561392
9 0.114899674083301
9 0.119627234136648
9 0.113936762086575
9 0.113059393270945
9 0.109122889707064
9 0.11044841634906
9 0.103642892762578
9 0.105386980805991
9 0.101456491409183
9 0.10755702318679
9 0.105046480607323
9 0.10020598494152
9 0.0982286894540559
9 0.0959610650054973
9 0.097614372458378
9 0.0956091898158028
9 0.0753417770757164
9 0.0234636353245494
9 0.0200970221234336
9 0.0206401942569006
9 0.0176325854665777
9 0.0174615162842734
9 0.0170804094279634
9 0.0142801482493924
9 0.0143742230319746
9 0.0140440828125881
9 0.0126243281314949
9 0.0113914124024869
9 0.00902414404455487
9 0.0104329815353083
9 0.00976696738455234
9 0.00581267397685837
9 0.00588447998281068
9 0.00788044768495669
9 0.00452787986144024
9 0.00526632615940329
9 0.00443890376854732
9 0.00764813807170995
9 0.00450870628260332
9 -0.000420253282610021
9 -0.000757226388967214
9 -0.000843672397354254
9 0.00176318080601362
9 0.0116387861036324
9 0.0107778582539921
9 0.0109477531347622
9 0.0112814048582404
9 -0.00849626998721625
9 -0.00614080312430859
9 -0.00373906247329191
9 -0.00690881505535635
9 -0.00732031311651856
9 -0.00672383673885671
9 -0.00871114669863323
9 -0.00817786544956572
9 -0.00821752357336774
9 -0.00819226662923248
9 -0.00760634287718957
9 -0.0064117409774072
9 -0.00854578942871268
9 -0.00556532303600047
9 -0.00560315530886486
9 -0.00333842110219851
9 0.000968651124753528
9 -0.00152562701923527
9 -0.00379467819542809
9 -0.00311084881117722
9 -0.00267777307128065
9 -0.00509000523405888
9 -0.00519191923933685
9 -0.00338081425752239
9 -0.00697361451384041
9 -0.00632271180508564
9 -0.00860385886338916
9 -0.00743747497127153
9 -0.00977230803046712
9 -0.0112342173751113
9 -0.00989120911345118
9 -0.00792240815290465
9 -0.027657780893192
9 -0.018427539084076
9 -0.00833157032793963
9 -0.014036465402836
9 -0.0188897875392259
9 -0.0159554315566383
9 -0.0170819961014182
9 -0.0196447473818824
9 -0.0226177052769509
9 -0.0207968922461337
9 -0.0231320043018847
9 -0.019127293993367
9 -0.0225143036696657
9 -0.01619099633568
9 -0.0212180147216555
9 -0.0177223158201826
9 -0.019467326801479
9 -0.0182422841472709
9 -0.0204480516293897
9 -0.0177929325020883
9 -0.0216467349683527
9 -0.0224750600038585
9 -0.0219748571978601
9 -0.0192181638051127
9 -0.0249846048890326
9 -0.0220825870815378
9 -0.0247719890893648
9 -0.0204668600592715
9 -0.0247244761126304
9 -0.019697805683398
9 -0.0212676642235262
9 -0.0335227208870998
9 -0.0324299059931459
9 -0.036242771644277
9 -0.0182556921769832
9 -0.0242309655716894
9 -0.0257389278514163
9 -0.023443501259767
9 -0.0290798608874385
9 -0.0270268213721248
9 -0.0295610144228293
9 -0.027424357935021
9 -0.0276090385405902
9 -0.0232267787632079
9 -0.0187051445829613
9 -0.0248318269745868
9 -0.0278657265563679
9 -0.0233689682539931
9 -0.0302490883772398
9 -0.0293880199690918
9 -0.0380172846137598
9 -0.0280846073772344
9 -0.0330418799686972
9 -0.0291479750671153
9 -0.0339845043626098
9 -0.0292611196056469
9 -0.032071998825503
9 -0.0345349581754903
9 -0.0352750066018731
9 -0.0357451862742469
9 -0.0378027833789774
9 -0.0360138331114946
9 -0.0345662889784446
9 -0.0458319465967278
9 -0.0484503418389444
9 -0.0485175422771399
9 -0.0357848973486259
9 -0.0381885995889414
9 -0.0443457603623809
9 -0.0454252540932125
9 -0.0473450041098589
9 -0.0426909299646487
9 -0.0471259321255793
9 -0.0469873765315638
9 -0.0469963531258475
9 -0.0461318803249191
9 -0.0469533999378273
9 -0.0478548734676941
9 -0.0459240436324819
9 -0.0448864589384282
9 -0.048696839962574
9 -0.0476511797958443
9 -0.0502808221412777
9 -0.0425029120213942
9 -0.0507927379013381
9 -0.0493681463726141
9 -0.0474015961916832
9 -0.047312330134211
9 -0.0485932987984631
9 -0.0479017403030836
9 -0.0506371526754661
9 -0.0458212181250737
9 -0.0489824528476891
9 -0.0481307614144462
9 -0.06002448741709
9 -0.0592021706766136
9 -0.0568333060633167
9 -0.0565480396940282
9 -0.0487749978702537
9 -0.0509419504098296
9 -0.0507198907588628
9 -0.0532624128377196
9 -0.0530774682400684
9 -0.0542327776158308
9 -0.0555309395349091
9 -0.0544716106682468
9 -0.0577210061958346
9 -0.0518935119369823
9 -0.0571459377699882
9 -0.0573631423130149
9 -0.0566427325679067
9 -0.0529591171635988
9 -0.0592781284462261
9 -0.0570750620366514
9 -0.0591344054170491
9 -0.0540497445592431
9 -0.0585095121448481
9 -0.0551222646172739
9 -0.0547984956838642
9 -0.047221924994408
9 -0.0492349104633754
9 -0.0513972686729364
9 -0.0511795030788992
9 -0.0526293536974517
9 -0.0583733640384812
9 -0.0528569464995063
9 -0.0641007722778359
9 -0.0605667547385707
9 -0.0610453265503398
9 -0.05332205635613
9 -0.0535894292431905
9 -0.0601679364802658
9 -0.0621417345600669
9 -0.0666832650238023
9 -0.076306277303222
9 -0.0740735609131325
9 -0.0751840671947355
9 -0.0751645281479232
9 -0.0699083996136532
9 -0.0719603862323187
9 -0.0631826549784074
9 -0.067321304810015
9 -0.0675625613574653
9 -0.0659805028331779
9 -0.0745044084998229
9 -0.0750597452559695
9 -0.0734709249107213
9 -0.069750801319489
9 -0.0719734001569386
9 -0.0715948057004087
9 -0.0673872532447355
9 -0.0655880442111438
9 -0.0678934157053049
9 -0.0692473603284213
9 -0.0693574032814314
9 -0.0631811966492887
9 -0.0693992332223763
9 -0.0756653643518809
9 -0.0757953878244061
9 -0.074890105868435
9 -0.0731869038686873
9 -0.0662850811899627
9 -0.0669268291198722
9 -0.0653086260971475
9 -0.0679167123768415
9 -0.0708577296092401
9 -0.069164985217534
9 -0.0733950198999719
9 -0.0724181875488502
9 -0.0749005484373378
9 -0.0752339729655258
9 -0.0719575275637409
9 -0.0746532595149542
9 -0.075281878782648
9 -0.0735914217722161
9 -0.0651295955300217
9 -0.0696710509329702
9 -0.0668634805828064
9 -0.0732611053302255
9 -0.0713072651215609
9 -0.0718732508415051
9 -0.071350006893544
9 -0.0731108333647935
9 -0.0687507096752899
9 -0.0705689638939591
9 -0.0701699011303921
9 -0.0731705619574003
9 -0.0706444418067326
9 -0.0729837287134667
9 -0.0788959228947687
9 -0.0752970951114608
9 -0.075543056800709
9 -0.0755091177442894
9 -0.0457605569940514
9 -0.06414034994657
9 -0.0690902006780415
9 -0.0707246277394374
9 -0.0727799115371621
9 -0.071318019364919
9 -0.0726168785590136
9 -0.067220137570608
9 -0.0677687669497554
9 -0.0651187260312113
9 -0.0642485574376519
9 -0.0626303407543639
9 -0.0549132164014037
9 -0.0558536425203586
9 -0.0548964970417921
9 -0.0607489618763189
9 -0.0600514816918234
9 -0.0663587574669294
9 -0.057074298327202
9 -0.0592096565776607
9 -0.0487467568742803
9 -0.0535187257444773
9 -0.0315035247153091
9 -0.0414128440203262
9 -0.044351606816997
9 -0.0515314969875278
9 -0.0546479830356366
9 -0.0704761871375843
9 -0.0612332942337745
9 -0.0614779049538208
9 -0.0571558569314623
9 -0.05635724852418
9 -0.042628618342786
9 -0.0454165114271043
9 -0.0511895892343243
9 -0.0515892445026259
9 -0.0617777270276115
9 -0.0693441499122226
9 -0.0641722315586135
9 -0.0677602378729677
9 -0.0653273526541772
9 -0.0676834614375217
9 -0.0639168823857128
9 -0.0645827596066578
9 -0.0619142785951879
9 -0.0636361721202349
9 -0.0605041528558404
9 -0.0643675413369475
9 -0.0522293969093471
9 -0.0647336982486894
9 -0.0599435065122471
9 -0.0624957044993598
9 -0.0581948343881602
9 -0.0617770437261656
9 -0.0599974610364251
9 -0.0616048594761912
9 -0.0575661296591
9 -0.062334379417103
9 -0.0581353517251784
9 -0.0681611044124748
9 -0.0629044189741557
9 -0.0660839146029721
9 -0.0611566153750122
9 -0.0618560319545796
9 -0.0279455251549684
9 -0.0568734325585431
9 -0.0582133064035141
9 -0.0627508199791087
9 -0.0590808638545505
9 -0.0615228269615463
9 -0.0579608028793342
9 -0.0616507897551432
9 -0.0575027291802671
9 -0.0619051779011015
9 -0.0553686821116204
9 -0.060758763440724
9 -0.0554217181662839
9 -0.0579187569971572
9 -0.0480185832898544
9 -0.0586282766028365
9 -0.0409514654355438
9 -0.0572765167544378
9 -0.0531127302275822
9 -0.0576172154472919
9 -0.0509086698267056
9 -0.0536101701180686
9 -0.0526869975423918
9 -0.0564074264067363
9 -0.0508814560791403
9 -0.0566400097704264
9 -0.0593203197967746
9 -0.0609176510917178
9 -0.0462387262913212
9 -0.0375889181223428
9 -0.029098386994567
9 -0.033127775534709
9 -0.0272179621035634
9 -0.0170523580972784
9 -0.0161777532931638
9 -0.024160431649803
9 -0.0289298737654002
9 -0.0501417616183915
9 -0.0309523271682375
9 -0.0240424907645908
9 -0.020806396642517
9 -0.0193293864094943
9 -0.0163969020429847
9 -0.0127613774922159
9 -0.0165299286805478
9 -0.017274343731534
9 -0.01578013135065
9 -0.0212368656396443
9 -0.0329692139889647
9 -0.0231473876587477
9 -0.0155332945782942
9 -0.0120895029035499
9 -0.0119233273771245
9 -0.0275014442026594
9 -0.0162305854495243
9 -0.0106922664931594
9 -0.0245494169891087
9 -0.0292261471328173
9 -0.0363937944424791
9 -0.0467308905886136
9 -0.0381304354979732
9 -0.0401602991388918
9 -0.0336903533541758
9 -0.0334334358989387
9 -0.0208609855610994
9 -0.033169365145325
9 -0.0328169400586852
9 -0.0350823178194137
9 -0.0309042118787794
9 -0.0341719301790925
9 -0.0312953582358361
9 -0.0328480114416735
9 -0.0274257273463563
9 -0.0319555414969709
9 -0.0266302296443916
9 -0.0307600293514324
9 -0.0274877681514297
9 -0.0241853247651974
9 -0.0261724967180605
9 -0.0277967053634353
9 -0.0217888966325493
9 -0.0252964179377429
9 -0.0231308498652075
9 -0.026841271793303
9 -0.0236182070801359
9 -0.0208387393316123
9 -0.0214091430970089
9 -0.0224962083180547
9 -0.0228001989806556
9 -0.0270831185545767
9 -0.0228910841292334
9 -0.0266454135983686
9 -0.0234651209650924
9 -0.0235815414588077
9 -0.0193836544338787
9 -0.0191774048820634
9 -0.0140657463711334
9 -0.0144188515770717
9 -0.0124201460871721
9 -0.0181785120604599
9 -0.0152343113722559
9 -0.0175304633525749
9 -0.0130929582250098
9 -0.0150159073120306
9 -0.0144590713506213
9 -0.0133526213069068
9 -0.010819048705056
9 -0.0122669604454462
9 -0.0123577442244866
9 -0.0111444182907776
9 -0.00991456112793695
9 -0.00949335878227967
9 -0.00987782795851862
9 -0.0021961848992344
9 0.00603650513366861
9 0.00819003356061077
9 0.0138610960919748
9 0.00527953043066698
9 0.0223099120501115
9 0.0268279090494187
9 0.0174032708354605
9 0.0115001443758703
9 0.00325398786979419
9 0.00199213259575966
9 0.0169927672237625
9 0.0174254027969416
9 0.0304197758705504
9 0.0355115900620776
9 0.00359395608545199
16 0.0372841673983028
24 0.020229691286482
32 0.0452268299471193
40 0.0172509738452978
48 0.0275453402765307
56 0.00324295108548765
64 -0.00395508719772774
72 -0.017366136034732
80 -0.0267917218880622
88 -0.0327601541654313
96 -0.0337514833022546
104 -0.0462985146142788
112 -0.0309386829194965
120 -0.061473973973974
128 -0.0581551784563553
136 -0.0634622606083364
144 -0.0554582165264984
152 -0.0582212542380492
160 -0.0486449321033632
168 -0.0464542205077905
176 -0.0439034602386577
184 -0.0436364867380966
192 -0.032692266847907
200 -0.0407177801298403
208 -0.0389922149181408
216 -0.0332906802249703
224 -0.0317111745764447
232 -0.0292089263899543
240 -0.0256762725939537
248 -0.0249905176536554
256 -0.0440418005562606
264 -0.031528424190032
272 -0.0332704350917496
280 -0.0264227110862439
288 -0.0190331340012602
296 -0.0267888572530106
304 -0.0199647774575729
312 -0.0327944383801717
320 -0.0172828627177869
328 -0.0217142658081599
336 -0.0110355250384841
344 -0.0207606345308663
352 -0.0199342297597947
360 -0.0144877801556018
368 -0.0110261862286001
376 -0.0100098501581997
384 -0.00943733639979093
392 -0.0119367757958536
400 -0.0112906671026642
408 -0.00984576220425273
416 -0.0154436909244603
424 -0.00886452034873618
432 -0.00875549754625157
440 -0.00555385177230191
448 -0.00250269737519122
456 -0.00662314776156664
464 -0.0023304780353437
472 0.00247939467639514
480 -0.00495950534349423
488 0.0020173224781372
496 0.000767872414040844
504 -0.00356847037102608
512 -0.0071266122560819
520 0.0088801377994138
528 -0.00253793244333092
536 -0.0012174099638784
544 -0.0108370088424268
552 -0.00704433030823458
560 -0.00329868102475384
568 -0.00142091380924033
576 -0.00310646728306839
584 0.00211290195779123
592 -0.000871900648153832
600 -0.00429185767287329
608 -0.00417887683352482
616 -0.00154933222900916
624 -0.00215678293360056
632 -0.00103508025216519
640 -0.010780119202693
648 -0.000796503633863606
656 -0.00248479466435049
664 -0.00628782505615923
672 -0.00190586102161617
680 -0.00284259695333495
688 -0.00846146964299228
696 -0.00303972429592107
704 -0.00402639407916588
712 -0.00801262915592255
720 -0.00529920914418943
728 -0.00029103058844862
736 -0.00107462170136985
744 0.00307736134069493
752 0.00145446917883653
760 -0.00914157376696358
768 -0.00543258312730689
776 0.00210442028854297
784 -0.0027530928847501
792 -0.00950450720035965
800 -0.00408105693416096
808 -0.00102495678403466
816 0.00282724056603782
824 -0.00640191083128059
832 -0.00342241948602827
840 -0.00338410259928998
848 -0.00563906480120038
856 -0.00231895093943391
864 0.00149356536689957
872 -0.00150721531021582
880 -0.00491495064509437
888 0.00407904823143906
896 -0.00198602122646489
904 0.0029473830036682
912 0.00251159294349772
920 0.00234300510409685
928 8.4938564965544e-05
936 0.0040575085157037
944 0.00350652784285191
952 0.00494732446036905
960 0.000799138945784539
968 0.000834085552736482
976 0.00218262818732427
984 0.00236290438905688
992 0.00283089770544128
1000 0.00164267492792678
1008 0.00515650361624482
1016 -0.000851707822512935
1024 -0.000336122119775065
1032 0.00721125142740855
1040 -0.00182107277143971
1048 -0.00633367654882152
1056 -0.00112845480971751
1064 0.000751323496553521
1072 0.00411236344693109
1080 0.000349129196369192
1088 -0.00475745001718104
1096 0.00403394355333659
1104 0.00201499087203632
1112 -0.000359563146973029
1120 -0.000291701215675977
1128 0.00202297653666486
1136 -0.000234504268322557
1144 0.000835962763518323
1152 0.000574331816389132
1160 -0.00100399760948204
1168 0.00405860582863493
1176 0.000680372247412394
1184 -0.00138569613533786
1192 -0.000445628585277185
1200 0.000688785353340927
1208 0.00176759978967922
1216 -0.0031743891171026
1224 0.000190724215041043
1232 -0.00015834177060344
1240 -0.000371267322830094
1248 -0.00148124016667478
1256 -0.00154405558423881
1264 -0.00659640751298258
1272 -0.00113255289421
1280 -0.00337259518357586
1288 -0.00204258906590408
1296 -0.00465157298231867
1304 -0.00375682424536505
1312 -0.00091514489972426
1320 0.000387312364432328
1328 -0.00188508286627366
1336 -0.00132524384021395
1344 0.000479486596251736
1352 -0.00259463080933627
1360 -0.0027331561344413
1368 0.000511140291437347
1376 -0.000582516786273299
1384 -0.00148180288846082
1392 0.000117059745575741
1400 -0.00164991477390577
1408 -0.00552898921380191
1416 -0.00354444384416101
1424 -0.00221750221618932
1432 -0.000438164092452754
1440 -0.0030167830408113
1448 -0.00238446992474695
1456 -0.000739067524645777
1464 -0.000805653295076266
1472 -0.0016978911317041
1480 -0.00242648958233793
1488 -0.00449889655977113
1496 -0.00207964006189552
1504 -0.00274364733611395
1512 -0.0035939736537194
1520 -0.00499816095841587
1528 -0.00221153340896502
1536 -0.00835086095404982
1544 -0.00320081601080228
1552 -0.00624298545702496
1560 -0.00517711061757127
1568 -0.00445707285369852
1576 -0.00382794659533039
1584 -0.00286200956498129
1592 -0.00277926307014963
1600 -0.00143128460029961
1608 -0.000872496184568323
1616 -0.00438503061069499
1624 -0.00121796898180167
1632 -0.00322432807877269
1640 -0.00558685233073169
1648 -0.00315622653413921
1656 -0.00236040463741029
1664 -0.00528900297507452
1672 -0.00368694778079377
1680 -0.00191845600243748
1688 -0.00318794111653563
1696 -0.00381175237395497
1704 -0.00253378866550426
1712 -0.0020641118872585
1720 -0.00152254911121466
1728 -0.00371359731621345
1736 -0.0039410623197277
1744 -0.0044846851434025
1752 -0.00349369229046916
1760 -0.00435791261282497
1768 -0.00586554500955297
1776 -0.00490628588673392
1784 -0.00343911246053311
1792 -0.00667184495494644
1800 -0.00486778455813065
1808 -0.00750993332034513
1816 -0.00698894681795905
1824 -0.00416215551600116
1832 -0.0051113033720306
1840 -0.00710137096562315
1848 -0.00431068019271618
1856 -0.00717815287694289
1864 -0.0051304077519329
1872 -0.00466805270356103
1880 -0.00454870448174231
1888 -0.00476083118126758
1896 -0.00490866212320407
1904 -0.00696144629292601
1912 -0.006487534721588
1920 -0.00555262358364423
1928 -0.00647143136968404
1936 -0.00665644016487049
1944 -0.00643182646071901
1952 -0.00574951949794045
1960 -0.00599699067976692
1968 -0.00815569446958777
1976 -0.00545409043067611
1984 -0.00696639709766961
1992 -0.00666088395792939
2000 -0.00917563141361938
2008 -0.00690153305803858
2016 -0.00560349165001399
2024 -0.00957814325506379
2032 -0.00714490975709894
2040 -0.0058359052189487
2048 -0.0124843364088783
2056 -0.00836336391207717
2064 -0.00691096900726925
2072 -0.0100109100507727
2080 -0.00475176306036197
2088 -0.00555658541498948
2096 -0.00693323802075828
2104 -0.00694907607151653
2112 -0.00632298499633483
2120 -0.00670661468884249
2128 -0.00853613544772508
2136 -0.00677237551706815
2144 -0.00887701366622929
2152 -0.00682252496478635
2160 -0.00713365354270813
2168 -0.00708871885461324
2176 -0.00785677935122566
2184 -0.0056555109720795
2192 -0.00841967010416455
2200 -0.00635290483980802
2208 -0.00657464829019718
2216 -0.00824108839966891
2224 -0.00753058953979118
2232 -0.00613681280997314
2240 -0.00811263056447445
2248 -0.00626704849379457
2256 -0.00707626627958657
2264 -0.00844642995518169
2272 -0.0121763545991503
2280 -0.0100186241712119
2288 -0.00887013600180436
2296 -0.00695769224674975
2304 -0.00597617242707152
2312 -0.00927235305950334
2320 -0.0119900683389684
2328 -0.010852940113068
2336 -0.00913696964406206
2344 -0.0100050152115204
2352 -0.0113010436061981
2360 -0.00920776654911793
2368 -0.00828069863693735
2376 -0.00865066686063174
2384 -0.00874523949552795
2392 -0.00786745306491628
2400 -0.012744021085131
2408 -0.00879419458535623
2416 -0.00975473163042895
2424 -0.00847002404878631
2432 -0.00795927533230737
2440 -0.00764980931263175
2448 -0.00728370339811098
2456 -0.0101475888982558
2464 -0.0101376932009403
2472 -0.00916318405986421
2480 -0.00905175749768445
2488 -0.00996736066447161
2496 -0.0080034125820343
2504 -0.00806233408846866
2512 -0.0108961146593536
2520 -0.00746861751621014
2528 -0.0124125122255897
2536 -0.00978958267492176
2544 -0.00874996221481806
2552 -0.00948703496999087
2560 -0.00837535967615048
2568 -0.00932665216594428
2576 -0.0105401435636549
2584 -0.0106998519743695
2592 -0.0089762102255873
2600 -0.00923877253280107
2608 -0.00903653759154304
2616 -0.00914365416840207
2624 -0.00930370855045131
2632 -0.00855494573106257
2640 -0.00868615713557189
2648 -0.00948821524433537
2656 -0.00938015574178844
2664 -0.00728294765216929
2672 -0.00898656052673356
2680 -0.00877830762817743
2688 -0.00929324808806096
2696 -0.00831837022018533
2704 -0.00917163349188222
2712 -0.0076799884327111
2720 -0.0103066886832379
2728 -0.00957356635084399
2736 -0.00775969106331623
2744 -0.00989810700427041
2752 -0.00943408361194091
2760 -0.00957490551481355
2768 -0.0107591516181139
2776 -0.0116084161210591
2784 -0.0155114747023338
2792 -0.0111884356844145
2800 -0.00998645751037322
2808 -0.0105250620158148
2816 -0.00979109472700521
2824 -0.00995600927970068
2832 -0.0104575672780615
2840 -0.0136231695667746
2848 -0.0115308340834452
2856 -0.0106077304984
2864 -0.0117623145606277
2872 -0.0125213752451109
2880 -0.00869411924921988
2888 -0.00938383241544441
2896 -0.00975736797013361
2904 -0.00903620043362331
2912 -0.00897785343619985
2920 -0.0101387747777426
2928 -0.00981125841388577
2936 -0.00987869026378192
2944 -0.00923322583245635
2952 -0.0104417163793442
2960 -0.0103027674169926
2968 -0.0090595359581099
2976 -0.00926921035712967
2984 -0.00964607038535104
2992 -0.00955504506658177
3000 -0.00937700757253651
3008 -0.0102743851933468
3016 -0.00991796155975905
3024 -0.0118694819182463
3032 -0.0117491245936373
3040 -0.0110235111268579
3048 -0.008773435480534
3056 -0.0100713221360582
3064 -0.0088758051296132
3072 -0.00954460102392127
3080 -0.0102538342111316
3088 -0.0103604198150783
3096 -0.0110694427969729
3104 -0.00941204732107044
3112 -0.0105484503764826
3120 -0.0107361208932263
3128 -0.0105596821079263
3136 -0.0105370601290283
3144 -0.00886603041526164
3152 -0.00985826516113412
3160 -0.0101355842382091
3168 -0.0122498445823193
3176 -0.00923183899855958
3184 -0.0112842641159256
3192 -0.00960509904422961
3200 -0.0077512051798417
3208 -0.0100995760490142
3216 -0.00943798108127392
3224 -0.0101822505213789
3232 -0.0099671270744235
3240 -0.00827693801681412
3248 -0.0105076963163705
3256 -0.0117524564485853
3264 -0.0130516494419521
3272 -0.0120510089323184
3280 -0.0123973371347294
3288 -0.0128956022129771
3296 -0.0119143508750723
3304 -0.0139171577832172
3312 -0.0147026495833299
3320 -0.0106500671453057
3328 -0.0102799677306933
3336 -0.00862212278404315
3344 -0.0105127107228303
3352 -0.0126526256548663
3360 -0.00880119337040724
3368 -0.00693517979451086
3376 -0.00763659137758849
3384 -0.0049293949332549
3392 -0.00466940711843261
3400 -0.00877016331139215
3408 -0.00826757041294377
3416 -0.00661396774319436
3424 -0.00875157628676229
3432 -0.00734566990644112
3440 -0.00894085201059229
3448 -0.0085428736652382
3456 -0.00960448297392109
3464 -0.00951315078313216
3472 -0.0101241498667779
3480 -0.00959796666710785
3488 -0.00951959513216995
3496 -0.00977840497037795
3504 -0.00893355929270124
3512 -0.00886472364583549
3520 -0.00856610570284224
3528 -0.00752229370765524
3536 -0.00972156214014685
3544 -0.00960209366004517
3552 -0.00387639412080618
3560 -0.00563451373681708
3568 -0.00447507902806194
3576 -0.00398860753269693
3584 -0.00333245160412884
3592 -0.00397500039394016
3600 -0.00641870162775269
3608 -0.00797402964939896
3616 -0.00738782574279964
3624 -0.00831550003980208
3632 -0.00924811645839083
3640 -0.00942547910675185
3648 -0.00777842770768904
3656 -0.00900874705381293
3664 -0.00996991886506719
3672 -0.0104620643740726
3680 -0.0116779203273694
3688 -0.0120165861520953
3696 -0.0127834991017549
3704 -0.0129405430091996
3712 -0.0105880061734412
3720 -0.0133663707270949
3728 -0.0131783449623999
3736 -0.014009790547753
3744 -0.0141899930131509
3752 -0.0154927189032573
3760 -0.0145050354554957
3768 -0.0145084687314477
3776 -0.0146557305750369
3784 -0.0161328357501443
3792 -0.0158527772107897
3800 -0.0148483738427853
3808 -0.0152659092798574
3816 -0.012663805627803
3824 -0.0083431050474579
3832 -0.00480787028646233
3840 -0.00309478485828008
3848 -0.00836709611981959
3856 -0.00893500832369306
3864 -0.00962568928136698
3872 -0.00929423844956692
3880 -0.00696682046271727
3888 -0.00676364314767113
3896 -0.00768205469717392
3904 -0.00832525190438629
3912 -0.00820357380185351
3920 -0.0062417968414773
3928 -0.00756146397718946
3936 -0.00745599488001004
3944 -0.00790908533371997
3952 -0.00784364367180666
3960 -0.00668101268579504
3968 -0.00596433432768721
3976 -0.00641969174608236
3984 -0.00663381030549525
3992 -0.00603082415738673
4000 -0.00514374738938147
4008 -0.00555779196003118
4016 -0.0054343795062904
4024 -0.00480198637408842
4032 -0.00441188557033189
4040 -0.00420310855506323
4048 -0.00477849389642639
4056 -0.00379552071886852
4064 -0.00420734241966409
4072 -0.0049558220332523
4080 -0.00432088435838516
4088 -0.00344579981899457
4096 0.0120548640076107
16 -0.000361620057858868
24 0.00751879699248135
32 -0.010889645114244
40 -0.00648446339977361
48 0.00353441086533473
56 -0.0188861317893576
64 -0.00192504734995498
72 0.000310112486256343
80 -0.0480350407592164
88 -0.044449879925287
96 -0.0472481114490336
104 -0.0488863587846014
112 -0.0360217380849322
120 -0.043618045781169
128 -0.054313015172993
136 -0.0509744587341041
144 -0.0551746150544262
152 -0.0471359606600632
160 -0.0361850375318751
168 -0.0162923270818206
176 -0.0284880201668825
184 -0.0178704865566004
192 -0.0458050034158559
200 -0.0373839174253267
208 -0.0292790597678084
216 -0.017351942663146
224 -0.031243957700183
232 -0.0217747859713642
240 -0.0211179429368052
248 -0.032446096537539
256 -0.0305023401843076
264 -0.0183894189370717
272 -0.0129159834088938
280 -0.0147849137722816
288 -0.0228707076260509
296 -0.00777514929940932
304 -0.02142118016897
312 -0.0138440088988214
320 -0.0189995593194358
328 -0.00762614863405059
336 -0.0124963265742298
344 -0.00501626127501027
352 -0.00908629143723291
360 -0.00660197372936033
368 -0.00778312948060367
376 0.00791669248460953
384 -0.0019895035937467
392 -0.00791258351706802
400 -0.000998449732829913
408 -0.00653926813477537
416 -0.00462724020715808
424 -0.0016881615329833
432 -0.00530746139324748
440 -0.00250103643493564
448 0.00136096867183632
456 -0.00575233843926311
464 -0.00752746995897695
472 0.000518046295054665
480 0.00521131943077674
488 0.00139222644049376
496 -0.000158594075017327
504 0.00705136592954463
512 -0.00702313521602153
520 -0.00157048208439286
528 -0.00162529651667842
536 0.00563763774422227
544 0.00256722955280378
552 -0.00963443112426379
560 -0.00216809971017277
568 0.00383092546696481
576 0.00054715095952411
584 0.00420799447507238
592 0.00799524707945331
600 0.0119351370593952
608 0.0204696898612748
616 0.0151731236079242
624 0.013273556100288
632 0.0174322050033425
640 0.0140063999179426
648 0.0228432584838582
656 0.0152195734164184
664 0.0119340680849784
672 0.0158749112144873
680 0.0172634381081573
688 0.00573501504524054
696 0.0135544796430577
704 0.0103558882982018
712 0.00968082838876435
720 0.011583362885991
728 0.00933082643240391
736 0.010330922923131
744 0.0157692862086346
752 0.0141080908653649
760 0.00467574178670013
768 0.011089114647713
776 0.010895401631096
784 0.0117598734397077
792 0.00935476144350764
800 0.017846355238127
808 0.0108974717425256
816 0.0108917232021707
824 0.0104327970061527
832 0.00911832408415241
840 0.00909896179614378
848 0.013941585665279
856 0.00847936798607736
864 0.00863877032046462
872 0.00699581007988149
880 0.0124547718293812
888 0.00886763335433917
896 0.0129010312560263
904 0.0118390398950566
912 0.0117675169639439
920 0.00568413536268014
928 0.0121598828280184
936 0.00883696155840421
944 0.0118461217655227
952 0.0125448452673263
960 0.00686626706392471
968 0.0128356374420793
976 0.00654098841891431
984 0.00886858380012608
992 0.00831801775277151
1000 0.00949089027991291
1008 0.00629837057703879
1016 0.0128272336487116
1024 0.00660207063924278
1032 0.0104197619021316
1040 0.0109069752008622
1048 0.00388171062316597
1056 0.0112233228013724
1064 0.00897184794797219
1072 0.0103744878709279
1080 0.00904260392041541
1088 0.00781959813178476
1096 0.00551277442010766
1104 0.00990600951578299
1112 0.0111565529645483
1120 0.0119488293987894
1128 0.0103990203976664
1136 0.00892178462701959
1144 0.0116376403592342
1152 0.00872553945789018
1160 0.0093902751575454
1168 0.0114357565946138
1176 0.00618795551822978
1184 0.0092418140802731
1192 0.00778127991938605
1200 0.0107649304253636
1208 0.0069004608469592
1216 0.00945238591041434
1224 0.0103921075491656
1232 0.011391295482151
1240 0.00777721728547503
1248 0.0090192823138774
1256 0.00852742968800825
1264 0.00887988009678959
1272 0.0091036907604048
1280 0.00612779185367531
1288 0.00430915607459878
1296 0.00615627169819723
1304 0.00699891601675088
1312 0.00928061771602996
1320 0.00987977163506702
1328 0.00485921146927638
1336 0.00772869427118204
1344 0.00612180103707109
1352 0.00946863323420036
1360 0.00892910604534171
1368 0.00489978949602884
1376 0.00137762426727064
1384 0.00603030914296342
1392 0.00542829274206124
1400 0.00614028281778536
1408 0.00691448424443286
1416 0.008325159399563
1424 0.00842697944650585
1432 0.00393950574892904
1440 0.00698296237898724
1448 0.00803083378171505
1456 0.00240549737900318
1464 0.00516604024794105
1472 0.00563719611760755
1480 0.00709219755456238
1488 0.00792691628656499
1496 0.00484263118425965
1504 0.00775982223369048
1512 0.00625532569072308
1520 0.0058750583200072
1528 0.00528253331303775
1536 0.00774280738657297
1544 0.00588470655934863
1552 0.00909873199038518
1560 0.0053594755379788
1568 0.00886542470311116
1576 0.00531092815504628
1584 0.00603748274747888
1592 0.00513864507937408
1600 0.00679323072500482
1608 0.0057273713985805
1616 0.00739185158473059
1624 0.00750404131378538
1632 0.00577436759562293
1640 0.00976278910165292
1648 0.00747474493408155
1656 0.00767260019009761
1664 0.00506016987656798
1672 0.00838172632435562
1680 0.00620486987796712
1688 0.00379408524723718
1696 0.00590424584400817
1704 0.00591426378011218
1712 0.00648400827261886
1720 0.00352176891348123
1728 0.00497028429258676
1736 0.00668342879176127
1744 0.00353595205550524
1752 0.00305094666788974
1760 0.00127458745004438
1768 0.00523401670518123
1776 0.00411201610419275
1784 0.00508843197164457
1792 0.00683191344565977
1800 0.00639202516643857
1808 0.00501675172750823
1816 0.00669038728036032
1824 0.00803553696191493
1832 0.00679327687776497
1840 0.00612746406508451
1848 0.00638790868708355
1856 0.00576627408685793
1864 0.00609076301704707
1872 0.00617665711364197
1880 0.00688446307953408
1888 0.00687986128278252
1896 0.00715461355009896
1904 0.00787182123828704
1912 0.00884631706039843
1920 0.00581441942114098
1928 0.00830852325242755
1936 0.00319595884231849
1944 0.00672214477701057
1952 0.00650549403072624
1960 0.00782238447088225
1968 0.00287786291948266
1976 0.00375902032432131
1984 0.00512241714168503
1992 0.00544812047010482
2000 0.00537495169321597
2008 0.00514635527366906
2016 0.00480528297163999
2024 0.00470072196959698
2032 0.00559652219239455
2040 0.00627442029349224
2048 0.0467884148401815
2056 -0.00301323658431474
2064 -0.000898963847255147
2072 -5.90908781498765e-05
2080 -0.00273966304223583
2088 0.0047376233592595
2096 0.00807419729653147
2104 0.00568232564822581
2112 0.00733315896375269
2120 0.00521726831297442
2128 0.0104112569955786
2136 0.00576444962245687
2144 0.00312604963925443
2152 0.00808349802209508
2160 0.00812731235434902
2168 0.01631487885762
2176 0.0147452764577836
2184 0.0212978258693097
2192 0.0156341827045017
2200 0.0209382802072926
2208 0.0189465996401374
2216 0.0189265443700741
2224 0.0177048565990666
2232 0.024200357720183
2240 0.0268072628619213
2248 0.0217034178340735
2256 0.0246124496325868
2264 0.0228079015396487
2272 0.026918570195761
2280 0.0255595393388335
2288 0.0274123061851329
2296 0.0312199115709002
2304 0.02598709532908
2312 0.0307478262886771
2320 0.0336762753342193
2328 0.0367213810400812
2336 0.0417790931945501
2344 0.0353828148190029
2352 0.0408213682295971
2360 0.0404056009564849
2368 0.042294730119557
2376 0.0437922407455059
2384 0.0443159005084812
2392 0.0498770225414402
2400 0.0480327229025662
2408 0.053367638066695
2416 0.0493675823525211
2424 0.0515285877034583
2432 0.0516343775213046
2440 0.0584233684277082
2448 0.0570274636086929
2456 0.0546080096396395
2464 0.0506702094073771
2472 0.0486053987542597
2480 0.0611550778690479
2488 0.0495672603031003
2496 0.0582821516709033
2504 0.0581158027267922
2512 0.0612517147395874
2520 0.058290214381038
2528 0.0511954234425262
2536 0.0556871542790682
2544 0.0528202806102714
2552 0.0602986707755154
2560 0.0666231993068339
2568 0.0633409108481005
2576 0.0611784504125389
2584 0.0548156203648675
2592 0.0612119903823517
2600 0.0561023713486387
2608 0.0640394786405311
2616 0.0656157919193508
2624 0.0634362972137098
2632 0.0707679854529112
2640 0.072189336309913
2648 0.065063711651688
2656 0.0807356981254767
2664 0.0641800230707589
2672 0.0748170706664833
2680 0.0780339537903922
2688 0.0758795583749676
2696 0.0809142531479121
2704 0.0829845750641239
2712 0.0758658799980783
2720 0.0794604552151564
2728 0.0767761464006275
2736 0.101751514109631
2744 0.0893247423999442
2752 0.078572758015973
2760 0.0803904259851356
2768 0.0782880669271117
2776 0.0714098084493282
2784 0.0865107693836109
2792 0.0748773141978406
2800 0.0849724595422931
2808 0.0918938281269214
2816 0.0786537162625549
2824 0.100759179852167
2832 0.0854736465426945
2840 0.0816079035919087
2848 0.0892012748072051
2856 0.0879641325806651
2864 0.0895496963898605
2872 0.0906054601654569
2880 0.0881763986744536
2888 0.0876228849604596
2896 0.0873417703060483
2904 0.0909116178695916
2912 0.0950080204078407
2920 0.0936525132719032
2928 0.0903995390167268
2936 0.0927961792775331
2944 0.0880591217674708
2952 0.0926001104831168
2960 0.0980555555255515
2968 0.094137584514202
2976 0.0982431277065172
2984 0.0909162834281157
2992 0.0926929814100145
3000 0.090961282223755
3008 0.0920303270350601
3016 0.0978669467425215
3024 0.0957749228251508
3032 0.0942906536800711
3040 0.0920189472525945
3048 0.0985199977273942
3056 0.101556745338285
3064 0.0950064511126659
3072 0.0580537727065859
3080 0.091067560254146
3088 0.0969265469823224
3096 0.0952627438476176
3104 0.0932812818700269
3112 0.0996558842387494
3120 0.10448556064041
3128 0.102798561731178
3136 0.102256766207755
3144 0.0983332052561124
3152 0.102847092380729
3160 0.0994998870920999
3168 0.0998197649966666
3176 0.0997585080944624
3184 0.109096232690089
3192 0.104467427291015
3200 0.103673534976252
3208 0.100815197385457
3216 0.106424156922577
3224 0.110953484156676
3232 0.107855505037553
3240 0.106694891765729
3248 0.117714808775084
3256 0.118156241486827
3264 0.121001214851539
3272 0.130629835750231
3280 0.09912228126247
3288 0.107046251703115
3296 0.112519059993788
3304 0.107918295752447
3312 0.106391741804292
3320 0.103705278037857
3328 0.109961465212443
3336 0.104752059727034
3344 0.120601401287372
3352 0.115845456655949
3360 0.115790511947847
3368 0.116051763173057
3376 0.115388900602794
3384 0.120276825878923
3392 0.120292213377378
3400 0.119248086904238
3408 0.118664572906341
3416 0.11484654192892
3424 0.116709899631084
3432 0.111526243008886
3440 0.118693192977246
3448 0.132650188796051
3456 0.121141229649065
3464 0.122109437150384
3472 0.122902294504916
3480 0.115602917403838
3488 0.12063444144005
3496 0.12265118725091
3504 0.127322802819962
3512 0.122075854539121
3520 0.125766284267281
3528 0.12287894451094
3536 0.125341683733569
3544 0.126694571542567
3552 0.127237074124772
3560 0.12880432559934
3568 0.123093982181033
3576 0.124895838181909
3584 0.110784997784753
3592 0.123782239997046
3600 0.133556904661117
3608 0.132561002476905
3616 0.137039406201547
3624 0.135152603721813
3632 0.136535078410216
3640 0.158489799882612
3648 0.134668797000297
3656 0.133215271301998
3664 0.135242851604831
3672 0.13011737887772
3680 0.13218432448016
3688 0.131661455444401
3696 0.134709197294316
3704 0.133782495387509
3712 0.138030197772555
3720 0.136956741908007
3728 0.134010009469777
3736 0.134376826034325
3744 0.136140146279339
3752 0.1350021209042
3760 0.137616731784044
3768 0.133259374486498
3776 0.139594740627217
3784 0.136164259076805
3792 0.13516284009022
3800 0.13330419358227
3808 0.136657314470453
3816 0.131082772770665
3824 0.1409275474338
3832 0.138729157602502
3840 0.140949610156386
3848 0.140465191594118
3856 0.138955875980283
3864 0.138958721016932
3872 0.137723387230904
3880 0.143553437143339
3888 0.143795521796988
3896 0.146037321725405
3904 0.139360365818492
3912 0.142582436576789
3920 0.1450433031125
3928 0.146553240207317
3936 0.148167334678865
3944 0.142786578739735
3952 0.147846406155172
3960 0.144188770095203
3968 0.146253628548458
3976 0.143554445737461
3984 0.149088731999118
3992 0.142664266548379
4000 0.145016698807838
4008 0.14536029483208
4016 0.153281278377782
4024 0.151125218969566
4032 0.146292160742413
4040 0.144557478321141
4048 0.157265689305175
4056 0.154033602711373
4064 0.14922034536588
4072 0.151822762141643
4080 0.159587553830922
4088 0.165625758729083
4096 0.011479594409119
16 -0.00108030248469584
24 -0.0169242089771888
32 0.00611264056740243
40 0.0117803152138951
48 0.0780134051203164
56 0.0440992375099578
64 0.0851549835437443
72 0.0618133602727618
80 0.0685119582351647
88 0.0708433384268357
96 0.0901843866361274
104 0.0833934301152814
112 0.0800307984963085
120 0.0857232979084777
128 0.0852541709938901
136 0.0855958976237351
144 0.0929844555329678
152 0.093858587266061
160 0.0895308935601336
168 0.0963601950423225
176 0.110769164484192
184 0.106261216186042
192 0.120598276950217
200 0.110543576892464
208 0.0972560641873402
216 0.107252330600798
224 0.103152421296901
232 0.11381798078285
240 0.123989777765227
248 0.104017736862912
256 0.0740140247442943
264 0.0974581589185915
272 0.100718134412318
280 0.100298389770518
288 0.110438205540228
296 0.109022721173285
304 0.102038074260316
312 0.106919471637161
320 0.103493674774152
328 0.102741374457544
336 0.0962489294952699
344 0.0959407379986364
352 0.0954458505108788
360 0.0904855573702607
368 0.0966893110817713
376 0.094227609554395
384 0.0952507601515269
392 0.0933360160937332
400 0.0981659093262474
408 0.0888516433504923
416 0.0872943676786437
424 0.0843576249567558
432 0.083868453559734
440 0.0844389648216569
448 0.131849111255804
456 0.130029177763355
464 0.130127703442077
472 0.125888396638409
480 0.127455539963222
488 0.127734460466096
496 0.126669452328306
504 0.124609501446837
512 0.10649052712524
520 0.130363545709658
528 0.124880391817432
536 0.12076268259436
544 0.124701762660789
552 0.123013988765043
560 0.121864131128727
568 0.12177219584083
576 0.122035508110039
584 0.11895552705315
592 0.11951558726116
600 0.119315367156156
608 0.119502730626447
616 0.120542896224361
624 0.120406372408665
632 0.120017882249299
640 0.116840673367299
648 0.117911702626978
656 0.117593983917871
664 0.119188929971486
672 0.115533849627669
680 0.115379452268918
688 0.114115481131749
696 0.116013335317936
704 0.113590670919145
712 0.115056820368607
720 0.114439444294144
728 0.0694710073405773
736 0.0680361581619348
744 0.0663132317811675
752 0.0663134804917407
760 0.0342726144960223
768 0.0375232606670088
776 0.071002061471776
784 0.0702000050484033
792 0.0672108426522619
800 0.0663221238899732
808 0.0632623912292772
816 0.0642039086706365
824 0.0625049864048252
832 0.0626613508318333
840 0.0603463924817682
848 0.0598378340319228
856 0.0603308640214022
864 0.0596056783650492
872 0.0588932159785178
880 0.059435153048381
888 0.0652846216981962
896 0.0632577173389069
904 0.0645159551462059
912 0.0647610785896777
920 0.0647334795476632
928 0.0609755317350996
936 0.0612963549792226
944 0.0605407898778293
952 0.0583019826192415
960 0.0580142578118841
968 0.057014459031662
976 0.0571264372992638
984 0.056412517101915
992 0.054371470152375
1000 0.0543697443406327
1008 0.0540182796518813
1016 0.0330929156134421
1024 0.0310182916070134
1032 0.0715940146314816
1040 0.0673083266170988
1048 0.0657629965349144
1056 0.0595787413615325
1064 0.0657722623157351
1072 0.0587161851665506
1080 0.0630781100440703
1088 0.0550385316343393
1096 0.0609456330267419
1104 0.0599744487274564
1112 0.0615979715107295
1120 0.0553732915643927
1128 0.0581061015875694
1136 0.0550485734585167
1144 0.0562387641433963
1152 0.0527834250078323
1160 0.0553508638509643
1168 0.0541297865040637
1176 0.0549290519484241
1184 0.0505217711202244
1192 0.0544151022431975
1200 0.0512527334080748
1208 0.0520407365419354
1216 0.0492111058381185
1224 0.0516965479328396
1232 0.0487833583987801
1240 0.0491417115009902
1248 0.0491424712633288
1256 0.0476090740903721
1264 0.0210634086108004
1272 0.0225611310568077
1280 0.0286248642540305
1288 0.0566403725356502
1296 0.0558855085342244
1304 0.0504529326745514
1312 0.0512726704589413
1320 0.0484925804139242
1328 0.0462228748605692
1336 0.0438168027654668
1344 0.045007420493275
1352 0.0438661515242874
1360 0.0446411882472993
1368 0.0463471028057765
1376 0.0469693674011819
1384 0.0477665251854554
1392 0.0470626039233736
1400 0.0471087273629626
1408 0.0445250349691731
1416 0.0448324045744122
1424 0.0453105009895523
1432 0.0437132080544846
1440 0.0422630321879758
1448 0.0424845698070098
1456 0.0449896970058248
1464 0.0433490180678518
1472 0.0425772375670195
1480 0.0423095443815993
1488 0.041311140667299
1496 0.0423806539277501
1504 0.0411242682840072
1512 0.0405166069358688
1520 0.0205594162460691
1528 0.0241135482638476
1536 0.0278730639055892
1544 0.0510797054203208
1552 0.0464592939832056
1560 0.0445782960056737
1568 0.0445245024600223
1576 0.0413605652880373
1584 0.0413656999931517
1592 0.0405827031464247
1600 0.0405087458076156
1608 0.040261657662588
1616 0.0396928009033492
1624 0.040835418552695
1632 0.0408995310478782
1640 0.0401120597640005
1648 0.0403517394044295
1656 0.0395880149168597
1664 0.0387144705427625
1672 0.0406695924179365
1680 0.0406764970295983
1688 0.0400753061302807
1696 0.0387358183966501
1704 0.0384836460995194
1712 0.0387156941806379
1720 0.0379846480026478
1728 0.0383835955235135
1736 0.0375242667946958
1744 0.0373902430429421
1752 0.036612969965552
1760 0.0365292125365373
1768 0.0168480606339695
1776 0.0192551674249554
1784 0.0219134274710144
1792 0.0270023065652569
1800 0.0441526675104195
1808 0.0420087233756147
1816 0.0400836001622214
1824 0.0395576492001579
1832 0.0381519347724211
1840 0.0374883862124525
1848 0.036597200899008
1856 0.036577371529486
1864 0.0367415503129474
1872 0.0366381586134206
1880 0.0372997310952928
1888 0.0366809194603678
1896 0.0363753528476365
1904 0.0368303911751142
1912 0.0361409166409225
1920 0.0360565314389215
1928 0.0363989797948703
1936 0.036853289792132
1944 0.0367760868358221
1952 0.0345452568340162
1960 0.0344004459110818
1968 0.036537928665245
1976 0.0343231249611036
1984 0.0362027059804588
1992 0.0355991364866386
2000 0.0347559994763832
2008 0.0343712804104152
2016 0.0332119193316686
2024 0.0155424189966201
2032 0.0188008052703614
2040 0.0206929607014283
2048 0.0119250023473793
2056 0.0281001696894273
2064 0.0266066237744352
2072 0.0210437605335017
2080 0.020812199259607
2088 0.017550314419651
2096 0.0163483851033282
2104 0.0162046042978331
2112 0.0168667344482091
2120 0.0160915486812257
2128 0.0165492223212248
2136 0.0196151146610493
2144 0.0196441822523505
2152 0.0176368022554259
2160 0.0187217519903054
2168 0.0161829178061399
2176 0.0165118331677558
2184 0.0174326363922764
2192 0.0181689961692736
2200 0.0176982427112345
2208 0.0161964905454838
2216 0.0167398736141267
2224 0.0169440147517073
2232 0.0167139992280094
2240 0.0158300105479927
2248 0.0161417045868498
2256 0.0163359687962108
2264 0.0159533923264553
2272 0.00147586564877221
2280 0.00317474499844905
2288 0.00374721922932255
2296 0.00743545138444745
2304 0.0158856826209066
2312 0.0239748907642651
2320 0.022293935962056
2328 0.0199267757351816
2336 0.0177765111977151
2344 0.0175733573577287
2352 0.0179530472689278
2360 0.0165411831866905
2368 0.0165159762088207
2376 0.0165639098009523
2384 0.0159461991552438
2392 0.0167381416329346
2400 0.0181383210238808
2408 0.0171598203010089
2416 0.01683724139408
2424 0.0159607934543968
2432 0.0199594757175181
2440 0.0179852560614497
2448 0.0177690206090624
2456 0.0175392520105991
2464 0.0168796894357199
2472 0.015660684064771
2480 0.0160757252125655
2488 0.0148773411629784
2496 0.0151731930093496
2504 0.0145419703423602
2512 0.014975211536209
2520 0.0165242038440511
2528 0.00202557089651182
2536 0.00449577077907659
2544 0.00633458575363438
2552 0.00729446723396931
2560 0.0309910572406127
2568 0.0229385956038378
2576 0.0210772815114244
2584 0.018224565396405
2592 0.0177917614920039
2600 0.0160871570416189
2608 0.0175017392123675
2616 0.0202151610755412
2624 0.0210787308393286
2632 0.0225010037966456
2640 0.0183337965083285
2648 0.019253088439723
2656 0.0284034215904674
2664 0.0239837538982145
2672 0.0264559837131257
2680 0.0237851666288879
2688 0.019658313013066
2696 0.0236978905802881
2704 0.025322028942035
2712 0.0280967547510504
2720 0.0340814830272456
2728 0.031736597160666
2736 0.0454647525349566
2744 0.0366999688409894
2752 0.0354265902006842
2760 0.0249080564989929
2768 0.0214677488781064
2776 0.00709571697214845
2784 0.021996653048809
2792 0.0205057108949872
2800 0.0252742782459994
2808 0.0278718788807193
2816 0.0373819552318822
2824 0.0453273125601074
2832 0.0354303082548877
2840 0.0319231670346801
2848 0.0264556630407489
2856 0.0207895047364571
2864 0.0191092119213946
2872 0.0168292343943798
2880 0.0192994359194194
2888 0.0177248966966814
2896 0.0189565977093735
2904 0.0195420517816204
2912 0.019453135320416
2920 0.0216988963444984
2928 0.0205686076101855
2936 0.0197540507457781
2944 0.0280858904930053
2952 0.0210719333352705
2960 0.0212793963472656
2968 0.0208666440130326
2976 0.0211889301876365
2984 0.0199759052410516
2992 0.0197574797258729
3000 0.0218776530207145
3008 0.0216489526177467
3016 0.0186334721764427
3024 0.0199109530934652
3032 0.00861374083907078
3040 0.0121795446798195
3048 0.0110142229254703
3056 0.0133796122176299
3064 0.0154472872555208
3072 0.0519144069760405
3080 0.0291794405849264
3088 0.0259608979164718
3096 0.0252250881763324
3104 0.0255253291038063
3112 0.0242386321887896
3120 0.0239527858650232
3128 0.0229383273630146
3136 0.0262347004923078
3144 0.0245395105591833
3152 0.0280506679818651
3160 0.027262387105434
3168 0.0270046285123199
3176 0.0246220862728755
3184 0.0278531826703189
3192 0.0258863560241857
3200 0.0413760049082669
3208 0.105011644721459
3216 0.0284387982211741
3224 0.0291223848345109
3232 0.0271315617240497
3240 0.0259309496914513
3248 0.0249380097269036
3256 0.028209493186347
3264 0.0254868806632882
3272 0.0257381126490984
3280 0.0194053806638643
3288 0.0210975194999075
3296 0.0382274613496218
3304 0.0481769250043816
3312 0.0580119773826913
3320 0.0579695486176903
3328 0.0648324403692633
3336 0.0717335761460735
3344 0.0768252877654414
3352 0.0713703741998283
3360 0.061648265592861
3368 0.0430702916157073
3376 0.0572655953578819
3384 0.0747898136111495
3392 0.0774972174136204
3400 0.0771292645323054
3408 0.0802265041397015
3416 0.0804096109985588
3424 0.0765148159501003
3432 0.0771594777222918
3440 0.069651576903392
3448 0.0643451342703471
3456 0.0601550245326415
3464 0.0763443842244389
3472 0.0815136717618186
3480 0.0839584920028191
3488 0.0838567949060536
3496 0.0663632877530955
3504 0.0727095856300284
3512 0.0819407620681041
3520 0.0707049573579906
3528 0.0618017869240598
3536 0.049919859917146
3544 0.0439805926598488
3552 0.0474957598788608
3560 0.0436847054594231
3568 0.0476270161958711
3576 0.0480421941795363
3584 0.0737627191058973
3592 0.0596441291395995
3600 0.0576306498135432
3608 0.0565408282985569
3616 0.0620345143554453
3624 0.0631360449408457
3632 0.0589991281596825
3640 0.0625321287380828
3648 0.067422132589847
3656 0.0672096370527357
3664 0.0681977960980208
3672 0.0678969907191983
3680 0.0695298764171005
3688 0.0729912829007877
3696 0.0684656457850143
3704 0.068641418340515
3712 0.0729531224474947
3720 0.0712895670523161
3728 0.0691933654944594
3736 0.0695418821079832
3744 0.0703401784457455
3752 0.0711405022992876
3760 0.0693371699475623
3768 0.0733623644010105
3776 0.0707146461730553
3784 0.0611281476745478
3792 0.0639859920821168
3800 0.0641945093575372
3808 0.0652640253039629
3816 0.0667021435743805
3824 0.0705203025955261
3832 0.0744104524446083
3840 0.0807515405881997
3848 0.0853142466631175
3856 0.0818675891499797
3864 0.0815619338219209
3872 0.0808284128269805
3880 0.0817110792361108
3888 0.0824703093323818
3896 0.0842537239895126
# 0.0160697668497487
