16	16	16	16	0.9901492717713181	1.0211280772826425	2.884488471037292e-13
32	32	32	32	5.223865130923438	5.61600754102575	3.7637040252882e-12
48	48	48	48	11.648620181167054	12.25090697610014	1.4777539772032398e-11
64	64	64	64	16.357674367814298	17.473063271733515	5.472105460827633e-11
80	80	80	80	20.79420036755374	22.14532871972318	1.1342095435334992e-10
96	96	96	96	25.716079525636555	27.245070943006937	2.3214752048870747e-10
112	112	112	112	27.902406085220896	28.948636717200596	4.399398009360004e-10
128	128	128	128	29.03064469800005	31.28338349201377	7.025727364568337e-10
144	144	144	144	32.08182736317339	32.796072358232564	1.222014355893306e-9
160	160	160	160	32.89233301881111	33.85382766864409	1.6399175612000756e-9
176	176	176	176	34.39964412699114	35.09220611403183	2.884070654827518e-9
192	192	192	192	36.02097779315854	36.910330153995375	3.4406587262944434e-9
208	208	208	208	36.63313786512897	37.500974622314324	5.61455057551502e-9
224	224	224	224	37.16196952000245	38.02658952692701	6.947956658609572e-9
240	240	240	240	38.76522766929817	39.5855033557047	8.136589897333901e-9
256	256	256	256	38.581794098167634	39.18958010203128	1.1045967679931326e-8
272	272	272	272	38.22828807923903	38.81584525855501	1.4341309288921294e-8
288	288	288	288	39.55070109821336	39.940546986782415	1.8941026869614368e-8
304	304	304	304	39.6264981432879	40.03654446464083	2.110170211712308e-8
320	320	320	320	40.036789176089236	40.40693014365868	2.3179223165912867e-8
336	336	336	336	41.226182874960394	41.54983401395417	3.401878009145871e-8
352	352	352	352	41.306760713114535	41.76291038621698	4.031131622908478e-8
368	368	368	368	41.43797393415419	41.820750584479775	4.756360218810444e-8
384	384	384	384	42.33329021984142	42.59398654323463	5.3964497915722934e-8
400	400	400	400	42.464711575863795	42.740065606000705	6.22768657802811e-8
416	416	416	416	42.787684869232905	43.22500917141449	7.886603212483079e-8
432	432	432	432	43.67862432887815	43.97368775225438	9.694705664867986e-8
448	448	448	448	43.44555184525015	43.76969883424103	1.0381636169816347e-7
464	464	464	464	43.6341361674582	43.99176860859452	1.197609857147821e-7
480	480	480	480	44.241033866941066	44.5075214499716	1.2718947981347245e-7
496	496	496	496	44.17139265172024	44.46489606592924	1.3855751408218655e-7
512	512	512	512	43.28560736448287	43.51175432138328	1.5947930349432166e-7
528	528	528	528	44.07670651392119	44.30164482678554	1.904366797357356e-7
544	544	544	544	44.03220228385215	44.212654360762556	2.2543393478404385e-7
560	560	560	560	44.014095758778616	44.19863639746986	2.613484305350059e-7
576	576	576	576	44.50134349000717	44.641690835525964	2.8987330979130276e-7
592	592	592	592	44.35139116558934	44.461409511841495	3.193390897757e-7
608	608	608	608	44.43396877236315	44.52747902172593	3.396711032561019e-7
624	624	624	624	44.80770564417136	44.92163305626153	3.5292579251463997e-7
640	640	640	640	44.73725179931193	44.869014865522736	3.9532860685473105e-7
656	656	656	656	44.71138093818689	44.80308983744263	4.630312557948173e-7
672	672	672	672	45.37220469896557	45.43324918464151	5.413860715801999e-7
688	688	688	688	45.21028228464024	45.293191237122144	6.305982333031987e-7
704	704	704	704	45.20073837936178	45.28178912776077	6.726805700045142e-7
720	720	720	720	45.684661297369324	45.7838645940929	6.958120315510669e-7
736	736	736	736	45.328154152097945	45.425272143791915	7.54773601493046e-7
752	752	752	752	45.36084231033209	45.437585585996615	7.799035593127523e-7
768	768	768	768	45.488269357413	45.5791917683437	8.504765138105164e-7
784	784	784	784	44.613145168045264	44.74420950553636	8.844877920594024e-7
800	800	800	800	44.881176865103264	44.930145361086446	9.274401804582007e-7
816	816	816	816	45.32420545876067	45.41550474779066	1.0715569445581324e-6
832	832	832	832	45.24759746767445	45.312392805237195	1.2073159524459073e-6
848	848	848	848	45.299378768021455	45.37543196822813	1.367074953505753e-6
864	864	864	864	45.72965201763028	45.76798147531279	1.4185091504218906e-6
880	880	880	880	45.608628061364435	45.65399106722699	1.552690985989655e-6
896	896	896	896	45.55494842206389	45.54954183672066	1.6985689783148032e-6
912	912	912	912	45.40782334258903	45.734950695234225	1.8610500419848655e-6
928	928	928	928	45.48380799972864	45.68975437473735	1.9007013763688024e-6
944	944	944	944	45.50001002643802	45.79325798621883	2.0482051244931126e-6
960	960	960	960	45.866019491513406	46.04218665519414	2.0663510665919985e-6
976	976	976	976	45.853668708571355	46.117512918020545	2.179087854199962e-6
992	992	992	992	45.882983904753296	46.159654785944916	2.189013039119093e-6
1008	1008	1008	1008	46.210115642878066	46.48478851104757	2.348717983232018e-6
Flush value 21139292160
