16	16	16	16	0.981136595005689	1.031543159352767	2.3437142008433856e-13
32	32	32	32	5.2770754489089295	5.560495503139317	3.659233002379342e-12
48	48	48	48	11.875969824693279	12.555858310626704	1.50548161011528e-11
64	64	64	64	16.41940434060944	17.608033450319894	4.075510606054755e-11
80	80	80	80	21.007713769899887	22.336376228337098	1.2109606888474983e-10
96	96	96	96	25.915128259580108	27.423682844235046	2.0437541978300053e-10
112	112	112	112	28.153741333012707	29.35219212568814	3.9370932087967763e-10
128	128	128	128	30.076720914139838	31.20135091908619	7.205769887159082e-10
144	144	144	144	32.025139762169694	32.98117875762128	1.1350493878126144e-9
160	160	160	160	32.95969357784877	33.8455055135287	1.5490785453202277e-9
176	176	176	176	34.36814574911546	35.158401491004476	2.559813836973163e-9
192	192	192	192	36.36763855811695	37.074814734303	3.0574263042465078e-9
208	208	208	208	36.925127304509104	37.760418939559244	4.277372050768192e-9
224	224	224	224	37.47795764673714	38.198216079078435	6.867517346401059e-9
240	240	240	240	38.988152525917016	39.592589277723086	8.643004667605546e-9
256	256	256	256	38.69868718637156	39.18326470842393	1.1300084551209353e-8
272	272	272	272	38.43543058452997	38.94350635087893	1.3606157464615052e-8
288	288	288	288	39.86896978183605	40.1878888080891	1.837150337600975e-8
304	304	304	304	39.86987088698851	40.1727970852539	2.1651998045971003e-8
320	320	320	320	40.22849510218563	40.508707678518995	2.4581006300112524e-8
336	336	336	336	41.35622442529918	41.62306563800617	3.449981369449097e-8
352	352	352	352	41.443697930153064	41.68649921672116	3.914048632454658e-8
368	368	368	368	41.581292935748706	41.986259862901925	4.5561096117639077e-8
384	384	384	384	42.36374335203635	42.45976750764816	5.687552726637135e-8
400	400	400	400	42.4729405061945	42.7478019948529	6.265524101091237e-8
416	416	416	416	42.930290519652	43.23769100832577	8.170199468531202e-8
432	432	432	432	43.63036781221665	43.84888473602256	9.000161815808481e-8
448	448	448	448	43.73477865247224	43.83798615756351	1.0825798725128464e-7
464	464	464	464	43.954295117599564	44.110055527602746	1.2459202632904908e-7
480	480	480	480	44.39284083553691	44.53898812664164	1.2792046962425217e-7
496	496	496	496	44.357190366890144	44.325407815924365	1.367744784853296e-7
512	512	512	512	43.59513910193208	43.70593955928285	1.5286745875065617e-7
528	528	528	528	44.29902165362995	44.373621444333246	1.9404614855634876e-7
544	544	544	544	44.28674236127879	44.37452326053103	2.3915957528375755e-7
560	560	560	560	44.230442782959635	44.39347973294294	2.70584070165036e-7
576	576	576	576	44.73777243658868	44.810887633349004	2.892862422032426e-7
592	592	592	592	44.618279640420965	44.68326265517079	3.0463787768071e-7
608	608	608	608	44.67320581635327	44.75645183451984	3.3205796719855676e-7
624	624	624	624	45.05217046297954	45.02535442411609	3.573221477586366e-7
640	640	640	640	44.95946395224086	44.96140717074963	3.998054026278371e-7
656	656	656	656	44.93295576760512	44.94028045686511	4.4689511559454066e-7
672	672	672	672	45.56387098944041	45.605075244791564	5.220991362960597e-7
688	688	688	688	45.42697861207797	45.50084650247894	5.924382933668582e-7
704	704	704	704	45.4467087708485	45.44941563510694	6.606799981225314e-7
720	720	720	720	45.89057955102359	45.92996071075349	7.301378916679948e-7
736	736	736	736	45.49681584230501	45.539281271427484	7.35091439123645e-7
752	752	752	752	45.52825838454976	45.43299941720926	8.002266946409514e-7
768	768	768	768	45.71021106967847	45.726548857639635	8.559984336812746e-7
784	784	784	784	44.84617519875182	44.877170394170626	8.726010449520192e-7
800	800	800	800	45.08670197005331	45.11382374130394	9.376045789530972e-7
816	816	816	816	45.56259452750921	45.54211888618056	1.0455264654928296e-6
832	832	832	832	45.49499247721233	45.45872913914278	1.188828797745001e-6
848	848	848	848	45.52876935935693	45.513099920665574	1.3225567569283876e-6
864	864	864	864	45.93579344935179	45.8879494502443	1.485582996503769e-6
880	880	880	880	45.83665120414854	45.807000087887175	1.6241582147405997e-6
896	896	896	896	45.70964392582821	45.67891757465386	1.7048484880825712e-6
912	912	912	912	45.56013014794239	45.89049846829111	1.7787549259884011e-6
928	928	928	928	45.66168020567385	45.77938005412645	1.8640751118106305e-6
944	944	944	944	45.66845435605018	45.928392574147445	1.9892073501941723e-6
960	960	960	960	45.93614808127424	45.96243491403882	2.099900904615786e-6
976	976	976	976	45.93034660703569	46.251718465550375	2.1782215493466384e-6
992	992	992	992	45.95582995177797	46.11260982205028	2.2319930009070376e-6
1008	1008	1008	1008	46.30812005732401	46.434331171350266	2.3539590302093527e-6
Flush value 21139292160
