16	16	16	16	0.9885959090086286	0.9453034848834526	1.3584123174372312e3
32	32	32	32	5.223865130923438	4.935311393930267	1.1544989348277051e4
48	48	48	48	12.620695557901344	11.562758115949606	5.12589865281972e4
64	64	64	64	16.542184640625987	15.410943401772462	1.2873912788091032e5
80	80	80	80	21.67012316417658	20.12697289541443	3.2471457818835333e5
96	96	96	96	26.938343025911156	25.46625793359527	6.011290391467185e5
112	112	112	112	27.628054236354878	26.1793517250375	9.449726734355661e5
128	128	128	128	30.153806336585262	28.50078653479609	1.5709183165239384e6
144	144	144	144	32.54850963870525	30.743484606296473	2.5414460145326783e6
160	160	160	160	31.639788424364024	31.110554118768494	3.5787734952468295e6
176	176	176	176	34.02893702016104	33.10059758990791	4.759026840306271e6
192	192	192	192	36.422566087059444	35.2667118427871	6.549618763909416e6
208	208	208	208	35.18911351816369	33.60831495545426	8.683289961216895e6
224	224	224	224	37.01900697353285	35.33248979502019	1.108955975374964e7
240	240	240	240	39.114629717526675	37.59297796674583	1.3979069256832706e7
256	256	256	256	38.30659494214242	36.931117979061554	1.775502932820361e7
272	272	272	272	39.51865111081872	38.11497289867033	2.1632658537347034e7
288	288	288	288	41.0217753329667	39.68315765866786	2.617349082697495e7
304	304	304	304	40.419211108985046	39.12843934157955	3.256928365179156e7
320	320	320	320	40.75274681199426	40.00115970159047	3.8560716276520684e7
336	336	336	336	42.15257045512885	41.39446081319977	4.495398764954914e7
352	352	352	352	41.43243796539903	40.99439941385826	5.245381095657502e7
368	368	368	368	42.345531018192005	41.66294012544603	6.091557373125309e7
384	384	384	384	43.288420045904466	42.76223777280011	7.413527409856926e7
400	400	400	400	42.39374281604079	41.34252084728912	8.470480433969837e7
416	416	416	416	43.055327851388526	42.015399046456125	9.519041975692962e7
432	432	432	432	44.18849573079853	43.19490800767228	1.0636688689101727e8
448	448	448	448	43.46623894314391	42.59148858415477	1.2200369738890588e8
464	464	464	464	44.09871797998664	43.0937353566646	1.39801796042619e8
480	480	480	480	44.733701961387084	44.16143850519089	1.5581108991297868e8
496	496	496	496	44.00808147255336	43.52716935917389	1.7524923109545e8
512	512	512	512	43.28860193461914	42.79282527338198	1.9524023073897535e8
528	528	528	528	45.32102464503553	44.43162483007762	2.167296222394684e8
544	544	544	544	44.68126662693653	43.852297446147084	2.4327505381623396e8
560	560	560	560	45.27671646866568	44.34951303317475	2.6355052947866148e8
576	576	576	576	45.97897751660607	44.87316273265557	2.9194577726988655e8
592	592	592	592	45.07863498711354	43.60239161500423	3.292377855495813e8
608	608	608	608	45.385573105768415	43.82990334459979	3.617801995826278e8
624	624	624	624	46.175044245744225	44.47669070986517	3.9112221228839356e8
640	640	640	640	26.527818884975797	43.79723263320202	4.230787275466903e8
656	656	656	656	27.619551463254382	44.079438432217074	4.7896052346357465e8
672	672	672	672	28.67623884879809	44.56655351652945	5.1057282397145724e8
688	688	688	688	29.56047823228959	43.97239409991229	5.607856128653184e8
704	704	704	704	30.503187060441068	44.03917641887227	5.815523750682958e8
720	720	720	720	31.62599763293073	44.540800531652344	6.389467130810484e8
736	736	736	736	32.42589771784128	43.235572027561076	6.871878942757239e8
752	752	752	752	33.413407237536425	43.44841048596108	7.70453186053269e8
768	768	768	768	34.00547750497061	43.119911135740104	7.87465470494202e8
784	784	784	784	31.45983826680288	42.21454051244043	8.573051604686599e8
800	800	800	800	32.33844660282171	42.14383290957997	9.227846134970722e8
816	816	816	816	33.400804119792255	42.59503493733082	9.871315182746387e8
832	832	832	832	33.83475986951422	42.09299836630551	1.0567337986531504e9
848	848	848	848	34.75874645966276	42.38196301229672	1.1585710980132194e9
864	864	864	864	35.697464558518966	43.08297484573593	1.22262789186911e9
880	880	880	880	36.533038394437	43.36487454198144	1.3069343389783566e9
896	896	896	896	37.090067441629756	42.56543539517515	1.3787690819529524e9
912	912	912	912	38.40325342233857	44.257172236463354	1.4554280084615188e9
928	928	928	928	38.81292910428711	43.22799063011637	1.544951104854638e9
944	944	944	944	36.4485419216403	43.30483943065801	1.626138494973484e9
960	960	960	960	37.13493922433675	43.06666472281508	1.7667544818559911e9
976	976	976	976	37.73247462451646	41.1930720352808	1.8824145358665261e9
992	992	992	992	38.65010645748365	42.37162769854676	1.9586517229910333e9
1008	1008	1008	1008	39.7252592310777	43.595845045519134	2.1263185487566721e9
Flush value 21139292160
