16	16	16	16	0.3995317986734296	0.9389649836666858	1.4474176560769538e3
32	32	32	32	1.951027820365877	4.908328340323547	1.3601404984389636e4
48	48	48	48	5.293826214951594	11.936857443535985	5.0670984054784516e4
64	64	64	64	8.853300010976115	15.543209510539267	1.5676250229011066e5
80	80	80	80	13.118534413733467	20.13765978367748	3.15151983124185e5
96	96	96	96	17.376043364691554	24.47978086133669	5.980923390691141e5
112	112	112	112	21.5321235899951	25.25168502974639	9.668385504750459e5
128	128	128	128	26.354738985095633	27.89962450652041	1.5688436904775437e6
144	144	144	144	29.068451410353134	29.67599719736234	2.3343447159785572e6
160	160	160	160	32.823077123413086	29.52481695658677	3.358166819323659e6
176	176	176	176	36.69648097789505	31.63842962017236	4.725100618398749e6
192	192	192	192	41.84781297669303	35.35594024661633	6.3773208235469e6
208	208	208	208	43.11666744525617	33.81463768401849	8.790277599448323e6
224	224	224	224	46.797784902360824	35.53243370126883	1.1044149964539237e7
240	240	240	240	50.54991868461973	37.89413955235081	1.3864358782895261e7
256	256	256	256	51.76802963424663	37.08950710079055	1.7222848978836484e7
272	272	272	272	54.28524259378153	38.09691559901367	2.137250290766567e7
288	288	288	288	57.373946209235406	39.842869342442356	2.6536233292379748e7
304	304	304	304	58.30474903783395	39.318458650628294	3.11882807959933e7
320	320	320	320	60.13034235282352	40.30592303829511	3.7731845339501165e7
336	336	336	336	62.945899595024805	41.508323564854265	4.254761549031685e7
352	352	352	352	63.31537151366263	41.05496466752076	5.0635596089707136e7
368	368	368	368	25.582961951297637	41.74667451294112	6.1612986399141945e7
384	384	384	384	25.55265715918044	42.89257030356079	7.172037952811427e7
400	400	400	400	25.573679568987597	41.45799341692409	8.128172624901548e7
416	416	416	416	68.7171636615977	42.215197168073296	9.407878518596706e7
432	432	432	432	71.01116541219278	43.320712521051746	1.0822582558247522e8
448	448	448	448	70.59519818917805	42.6546994621518	1.2657642482356289e8
464	464	464	464	72.48605404526835	43.395831000673006	1.4066247633447173e8
480	480	480	480	74.83668047568715	44.453756558885644	1.5628322150474027e8
496	496	496	496	74.70293333627188	43.69730831723431	1.786952006750421e8
512	512	512	512	74.5498835728506	43.175241143851224	1.992025845745177e8
528	528	528	528	78.51533123849524	44.785675199845926	2.1647909439000797e8
544	544	544	544	77.95973133562225	44.129551962440765	2.491788632824129e8
560	560	560	560	79.39655076926485	44.61897444653122	2.7165531725993586e8
576	576	576	576	80.74375885497753	45.20046983158061	2.9792706135360324e8
592	592	592	592	79.39718436629872	43.93531361067663	3.2719716648325574e8
608	608	608	608	80.28606905105171	44.16128253287353	3.577270081363526e8
624	624	624	624	82.24569539399732	44.809759159459084	3.87413941834519e8
640	640	640	640	63.077442356298974	44.2376262067907	4.2801983921108645e8
656	656	656	656	64.62136775741865	44.29337168634722	4.640233590268755e8
672	672	672	672	65.58438982136371	44.68097513701992	4.976950574741959e8
688	688	688	688	38.147755183895086	44.08518117718535	5.3458147832544595e8
704	704	704	704	38.751101035429635	44.40707975639553	5.846889240610828e8
720	720	720	720	38.99692374527313	44.60662793507881	6.348117626118019e8
736	736	736	736	39.172070993929204	43.7492062952979	6.885346760855438e8
752	752	752	752	39.9483691065632	44.14834818080995	7.645255756537534e8
768	768	768	768	40.39086037464179	43.81748718706689	7.918544737396585e8
784	784	784	784	41.31693269317807	43.011710774119265	8.674148924193455e8
800	800	800	800	40.54187221178123	42.83099043842057	9.301464103677018e8
816	816	816	816	39.4845079523708	43.20418394883867	9.899558584106581e8
832	832	832	832	34.14405940551504	42.830791893560345	1.0517302294440262e9
848	848	848	848	64.61961223688219	43.26577624785904	1.1401854346821685e9
864	864	864	864	64.19829577622926	43.72283107349831	1.2205796001044135e9
880	880	880	880	64.88576565373906	44.028083253774795	1.298848500065532e9
896	896	896	896	64.7885076107723	43.273353079035715	1.398077131426078e9
912	912	912	912	66.16063862524821	45.0312513282889	1.4764755645654187e9
928	928	928	928	65.45874665487143	44.14153571005443	1.5366648210550318e9
944	944	944	944	66.10555598677318	44.31460472441244	1.629308760277303e9
960	960	960	960	66.80540160139178	43.92646556070265	1.7588407353854928e9
976	976	976	976	66.86822193028108	42.095364831968894	1.8441933895524323e9
992	992	992	992	68.10555175841198	43.125427912995484	1.909876407836507e9
1008	1008	1008	1008	69.71751162413736	44.4379762510429	2.12871047072471e9
Flush value 21139292160
