9 -0.0024356297842728
9 0.0714285714285713
9 0.00455321570859428
9 0.0389127741747428
9 0.0675936917076479
9 0.0631578947368422
9 0.0876680686003182
9 0.154688289970054
9 0.15605115215914
9 0.150323974082074
9 0.0930560290942152
9 0.0838900500111964
9 0.103089009228892
9 0.0953640608907889
9 0.113985801035366
9 0.102346851249726
9 0.0605588038539396
9 0.0473054352561311
9 -0.0064592450225192
9 -0.0111418950598866
9 0.0496493737658183
9 0.0735201988561729
9 0.0805686503421063
9 0.122177485635903
9 0.0783227862027691
9 0.086332814742494
9 0.0770197178475244
9 0.0721036898984646
9 0.0638043571156145
9 0.0686472839582884
9 0.0707557024489507
9 0.0701454705201293
9 0.0688272860083854
9 0.0661330915050897
9 0.0603678739445569
9 0.0660783471221488
9 0.065671867591856
9 0.0671225825523685
9 0.0357625618677474
9 0.0386697876196836
9 0.0379299267339198
9 0.0408172234294665
9 0.0282460862395548
9 0.0308606900953903
9 0.033490885835372
9 0.035962734151589
9 0.0389509530153431
9 0.0563868377826043
9 0.049023600610418
9 0.0520725679915115
9 0.054834647669059
9 0.0565287532563756
9 0.0525730697282684
9 0.0537001963047359
9 0.0446292349061637
9 0.0494754802916858
9 0.0456646621690292
9 0.0264942455287308
9 0.0251864754169494
9 0.0245402083740881
9 0.0293899005172782
9 0.0303911124843903
9 0.0429370644463827
9 0.0273583536140168
9 0.0274796589574315
9 0.0264004811181194
9 0.0216955632950749
9 0.0229777955570061
9 0.0270715408416329
9 0.0214803357501976
9 0.0283752876405005
9 0.0430819412557114
9 0.0375603919511893
9 0.0414118588802986
9 0.0437712653594248
9 0.0453443386125544
9 0.0412587640156922
9 -0.0437575905463093
9 -0.0462328371459737
9 -0.0421521233373396
9 -0.0403291112141016
9 -0.0366089541376394
9 -0.0424619090304641
9 -0.0368080628158107
9 -0.036930693480021
9 -0.0361618953076842
9 -0.0364306271932809
9 -0.0269768262709198
9 -0.027064136410469
9 -0.0218993598021511
9 -0.018915548891628
9 -0.0215734935505109
9 -0.00969067267974435
9 -0.00942678277584881
9 -0.00940738087406469
9 0.00702732757759092
9 0.00590237311885914
9 0.0127860659787839
9 0.0147082426968528
9 0.0166311687653822
9 0.0252917227727633
9 0.0310760114402604
9 0.0328756897666974
9 0.0337543054386909
9 0.0350983942715392
9 0.0145542487624075
9 0.0163111840022367
9 0.00368820185430039
9 0.0124025918873834
9 0.0225981748378775
9 0.042504704410818
9 0.00553680064286694
9 0.0252973456429108
9 0.023869210277475
9 0.0294053077741959
9 0.0396000078564625
9 0.0289845229236265
9 0.0285980835057008
9 0.0408361772286962
9 0.0772811876406524
9 0.0838917220750807
9 0.083269490520619
9 0.0659951588082494
9 0.0632857322475764
9 0.0560905051871346
9 0.0641130483593738
9 0.0935281829146416
9 0.0384287977678058
9 0.0436057842227988
9 0.0519503625161593
9 0.055111557103134
9 0.0679423795383069
9 0.0699723904702901
9 0.0804847161313426
9 0.0940671826249781
9 0.0898928177391775
9 0.0891786315035317
9 0.0914913929418579
9 0.0732589445408093
9 0.0696991029884288
9 0.0611172195520277
9 0.0620145161446844
9 0.0890973423466485
9 0.0685985424493439
9 0.0848931950077407
9 0.0969777620723402
9 0.0999428478788931
9 0.104215334676583
9 0.104866430398854
9 0.113739947782476
9 0.105270108640498
9 0.105391114189847
9 0.108812238687298
9 0.103929966030805
9 0.10323435588303
9 0.0595685637785164
9 0.0566922601889528
9 0.0575261768228581
9 0.0539387722464707
9 0.0560902503029019
9 0.0554718802393933
9 0.0564485571561814
9 0.0514391550083098
9 0.0534460394213765
9 0.056643283899532
9 0.0554916270790927
9 0.052701314355557
9 0.0850964364490774
9 0.0834194227878371
9 0.0872545945903358
9 0.077681902689715
9 0.0766267494831766
9 0.0746563277659963
9 0.0778086192860617
9 0.0677839890580574
9 0.0701611115697914
9 0.0681101955517627
9 0.0676864348103817
9 0.063247227170195
9 0.0700792584136144
9 0.0689213285835775
9 0.0705784814271208
9 0.0649834242968423
9 0.069761593881397
9 0.0719627028094337
9 0.072556210820977
9 0.0663194473009586
9 0.0695351400977398
9 0.0665383828294029
9 0.0681500810840681
9 0.0660182863276367
9 0.0913765740573526
9 0.0860982224904512
9 0.0933482783810037
9 0.0778439210250594
9 0.0845487863249619
9 0.0784130639495811
9 0.0809295227590803
9 0.0754208447519218
9 0.07944244295277
9 0.0769974542265963
9 0.0809435616644361
9 0.0783128121363501
9 0.0857419783308812
9 0.0794687590883879
9 0.0817769487461918
9 0.0793573698062309
9 0.0814266545219158
9 0.0794369484695744
9 0.0807822303951406
9 0.0738277903239272
9 0.0781984085657775
9 0.0756656836333488
9 0.0722875442991666
9 0.0707492294341918
9 0.0958305289662214
9 0.0915240821718074
9 0.0912040363620755
9 0.0887712801925915
9 0.0890460891137468
9 0.0897689294356199
9 0.0902086018023295
9 0.091615942460209
9 0.08933008876762
9 0.0874977193180765
9 0.0894308781709892
9 0.0867681537496535
9 0.0878720329685426
9 0.0851868338521802
9 0.0880207855876115
9 0.085655941899939
9 0.0911046515141703
9 0.0909009413358243
9 0.0588869968525712
9 0.0429560308061941
9 0.0343285315461961
9 0.0192064980129022
9 0.0203154299120572
9 0.0558685997653211
9 0.016448337998527
9 0.0171107134692255
9 0.0278185691956165
9 0.0377296317545969
9 0.0394311412928996
9 0.0421513036420506
9 0.0550743162963414
9 0.0690406727216726
9 0.0752748404565722
9 0.0735528136794747
9 0.0767851087277191
9 0.0494661213725046
9 0.037270992829109
9 0.0213018784492138
9 0.0343905859501953
9 0.0610510494719963
9 -0.00336437610996803
9 -0.00446634491567763
9 0.00680055127677143
9 0.0102071202529706
9 0.0220100111244164
9 0.0276792098611335
9 0.0422201762191799
9 0.067012825574738
9 0.0919927883684991
9 0.0897994639358266
9 0.0937751555551903
9 0.070908721479025
9 0.0606515925163494
9 0.0464065630803257
9 0.0515723194305181
9 0.085903680654177
9 0.0289269277068268
9 0.0382839019947614
9 0.0566007570296492
9 0.0681786333318948
9 0.0694014303979908
9 0.0745128919241678
9 0.0785925524419787
9 0.0797974841065732
9 0.0811075556687497
9 0.0794440500359051
9 0.0820916831578758
9 0.0789073066056955
9 0.080648211315473
9 0.0798787726085524
9 0.0802046334259815
9 0.0881702943010449
9 0.0977791032925698
9 0.0932889569901794
9 0.0971075199874806
9 0.0955926474074104
9 0.0931435038804728
9 0.0900745827479479
9 0.0919902244302132
9 0.0917872301358332
9 0.0914261289707752
9 0.0904926798473447
9 0.0902747006070687
9 0.0880895356944478
9 0.0933232132861609
9 0.0913441462633256
9 0.0924748250796319
9 0.095589875506214
9 0.0951970224187678
9 0.0918222443496422
9 0.101904366732561
9 0.0812297891365368
9 0.0847216409395567
9 0.0826434888622148
9 0.0841855934999523
9 0.085489057958439
9 0.0796482554934264
9 0.0707517657103846
9 0.0793453180805832
9 0.0678777888600499
9 0.0769561203170831
9 0.0650392405362054
9 0.0675583828862825
9 0.0803715172246968
9 0.0662093784211631
9 0.0678063598489858
9 0.0709159706627865
9 0.0668281651751466
9 0.0723476172772806
9 0.0774584564193764
9 0.0709604355050634
9 0.0698060132057183
9 0.071859732971537
9 0.0721622927432779
9 0.0744683077931477
9 0.0669076159741656
9 0.0651414489378978
9 0.0722305448893744
9 0.068387881737953
9 0.0811163760380988
9 0.0878227651538492
9 0.0805384459057477
9 0.0777747007815274
9 0.0790940294276727
9 0.0970975998792724
9 0.0873699026087846
9 0.0803073283088222
9 0.0781405026003794
9 0.0786954127822566
9 0.0832924279301252
9 0.0809972347922333
9 0.0751299531610509
9 0.0810086528607121
9 0.0813709522063602
9 0.0813164121826208
9 0.10647878855338
9 0.0800137489873892
9 0.0845036285868566
9 0.0906715907287808
9 0.0746350277375129
9 0.081610278571853
9 0.0770440610298936
9 0.0803349589999354
9 0.0799927835293575
9 0.0975035117220626
9 0.0962407370715184
9 0.100096887154825
9 0.0881591486804229
9 0.0870400938360195
9 0.074073255207439
9 0.0697800903509881
9 0.105812440809104
9 0.0358937867715734
9 0.051076551795743
9 0.0531553746256501
9 0.0716441574097709
9 0.0814351930602707
9 0.0729478784396772
9 0.10024302430577
9 0.101472965719748
9 0.110540974177389
9 0.116259915316417
9 0.121285417003335
9 0.089663251141114
9 0.069252685005259
9 0.0615547085260224
9 0.0662232476719014
9 0.193823871273058
9 0.0366144627814568
9 0.0376488776170625
9 0.045524334453512
9 0.0491535563091643
9 0.0603741085896383
9 0.0684854751097909
9 0.0609509922902683
9 0.0807325308112003
9 0.0918799826142095
9 0.0986716220140304
9 0.101182299649227
9 0.0757646047210027
9 0.0609178130266977
9 0.0551624168761565
9 0.0498082783764499
9 0.0942468607085041
9 0.0269574287181129
9 0.0456250652430627
9 0.0612754155375321
9 0.0716527214618576
9 0.0716373583318653
9 0.0746441462707649
9 0.0838143650958975
9 0.0783215654700296
9 0.0907185242194683
9 0.0991448386764997
9 0.0833595888907026
9 0.0778453913171545
9 0.0807725833374014
9 0.0840254192763182
9 0.0813116788604581
9 0.120312468989252
9 0.0805338403918686
9 0.0912068477716616
9 0.103998041751103
9 0.0778276099424044
9 0.091796214503503
9 0.0815748860842435
9 0.09985846939831
9 0.0853266896994227
9 0.080129620915628
9 0.0802250209127249
9 0.0931858452193888
9 0.0796889710019762
9 0.093718397192684
9 0.0814868161441794
9 0.0804486199487822
9 0.0974076919423922
9 0.0904143910474106
9 0.0902796150581748
9 0.0858608701142831
9 0.0876028913975604
9 0.0869861423738394
9 0.0892369348828406
9 0.118252516392737
9 0.0903784577274117
9 0.0913090235438009
9 0.0846839974217276
9 0.0874268537082853
9 0.0875765062196658
9 0.0910527669282334
9 0.0864842173035067
9 0.0931193221397396
9 0.105595576201109
9 0.0904852459099351
9 0.0875470346301662
9 0.0883577905092019
9 0.083852384188197
9 0.0935701669913772
9 0.0858213420260956
9 0.109104480013078
9 0.0880101839635132
9 0.0991928848852556
9 0.100191432636724
9 0.109849160638356
9 0.091636540434593
9 0.107144312145998
9 0.0972199786595014
9 0.0970981109806536
9 0.104756536927177
9 0.0964696752585755
9 0.0931500343637592
9 0.0985980746387028
9 0.0908957903160347
9 0.076165028560951
9 0.0805330782453884
9 0.0840138339386345
9 0.0768112761567565
9 0.0764854754335996
9 0.0779829437574121
9 0.0797805009826933
9 0.0696346689144663
9 0.0744614518130406
9 0.084846795076607
9 0.0852904498656468
9 0.0987676846755236
9 0.0923179800433986
9 0.0896763691017457
9 0.0841768020566036
9 0.0771630223842855
9 0.101682188550168
9 0.0851470802817743
9 0.0840259714614564
9 0.0804361320095382
9 0.0827962031714811
9 0.080999521786003
9 0.0884943010090502
9 0.0702306421239464
9 0.0826500256514724
9 0.0542720846270268
9 0.045052721771898
9 0.0917152116221086
9 0.0179338048678803
9 0.0211831608689711
9 0.0359623817460974
9 0.0498710150822177
9 0.0518825366095533
9 0.0595542754684821
9 0.0769504663397198
9 0.0814352626654481
9 0.112086998156362
9 0.108588646682548
9 0.10991310584106
9 0.0742845010939179
9 0.0689593571172745
9 0.0738372737530145
9 0.0886997551074195
9 0.117186114737392
16 -0.0437925678097742
24 0.0012925463162431
32 0.0240490797546013
40 0.0370752688172044
48 -0.0177538767542081
56 -0.0099148755748345
64 -0.00619481429572516
72 0.0287590579710144
80 0.0295233982590514
88 0.0437569060773482
96 -0.0014063946450188
104 -0.0134111147121006
112 0.0119938522529769
120 0.0468238961569911
128 0.0337855599876561
136 0.0483470417610363
144 0.0413382442105645
152 0.0307060141949945
160 -0.0156409257149711
168 -0.0196476776222415
176 3.24658459301039e-05
184 0.0170320063751086
192 0.0183467152463847
200 0.0163101048914736
208 0.0220650143230789
216 0.0234955601332194
224 0.0206054968662106
232 0.0068017360148611
240 -0.010876572327044
248 0.00382718939385499
256 -0.0133360109737874
264 0.00509784519933414
272 0.0066390543085456
280 0.00520770401875261
288 -0.00162676410217094
296 0.000822489364831254
304 0.000309962830507453
312 0.000112871525213356
320 -0.00482598264680176
328 -0.00491107720747913
336 -0.00372269062447768
344 -0.00389865134336619
352 0.00304171636631435
360 0.00257896196780779
368 -0.00938521451148332
376 0.0035463481343161
384 -0.00103246717179145
392 0.0103197298631294
400 0.00863154191490828
408 0.00704537372253435
416 0.00896980236887212
424 0.00242856292898752
432 0.00624860639980796
440 0.0139260094618481
448 0.0093299017562307
456 0.0129250734110068
464 0.00371257966816676
472 -0.00114652976413013
480 -0.00466847363516913
488 0.00626752857634508
496 0.00389601269359213
504 0.0010404046493448
512 -0.00790422733805145
520 -0.00588386611277029
528 0.000418790021840292
536 -0.00372277669000855
544 -0.000518102925236457
552 -0.00344998909996095
560 0.000549124929614796
568 -0.00287528029967169
576 0.00451377860530784
584 0.00265269494690808
592 0.00550413175945519
600 0.000774915095947606
608 0.00379447416070749
616 0.00411668042284475
624 0.00606663600909678
632 -0.0091082622950401
640 -0.00229953258579335
648 0.0248245230088094
656 0.00490739559892561
664 0.00794475436061889
672 -0.00341056250939822
680 -0.015456642463443
688 -0.0120022512709578
696 -0.00821684450471653
704 0.368596296662124
712 -0.0114210432019143
720 -0.0115527598818139
728 -0.00500267443170166
736 -0.00406259446795654
744 -0.00673449431924011
752 -0.0224400391535894
760 -0.00218543941601465
768 -0.00754330730778015
776 0.00757300703116599
784 -0.0220054939331621
792 -0.00464631116504944
800 -0.00814163140752766
808 0.000510120403360791
816 -0.0169116868623592
824 -0.00155155697685109
832 -0.00506010003824814
840 -0.00363651018120255
848 -0.0187595938506793
856 -0.00698993428372106
864 -0.00956564962601899
872 -0.0022532779586594
880 -0.0192902129141081
888 -0.00494101299442866
896 -0.00767024900760637
904 -0.00437323427057122
912 -0.0208154578927812
920 -0.00653199434522817
928 -0.00842345424123234
936 -0.00569066890767068
944 -0.0267950327673944
952 -0.00730485056914069
960 -0.0119125205557515
968 0.00100397242043467
976 -0.0267264742398639
984 -0.00735935152006306
992 -0.00968687567806278
1000 0.00261908783872409
1008 -0.0167445563144531
1016 -0.000910446573790323
1024 -0.00932823738221793
1032 0.00406549649568933
1040 -0.0172025637418982
1048 -0.00437947448695672
1056 -0.0108725109645023
1064 -0.00519527641403897
1072 -0.0192755985815199
1080 -0.00574373740645939
1088 -0.00928281100819621
1096 -0.0104753766364434
1104 -0.0189509992718325
1112 -0.0064036604716434
1120 -0.00884373862251435
1128 -0.00710155578056883
1136 -0.0280731832971516
1144 -0.0079743120913567
1152 -0.0100139439408584
1160 -0.00197231253005242
1168 -0.0333635718182642
1176 -0.00561667820507179
1184 -0.00161040939614567
1192 -0.00216169476869893
1200 -0.0184561130544947
1208 -0.00360378242649817
1216 -0.00386271144418578
1224 -0.00487499259214056
1232 -0.021044346728721
1240 -0.00559861564261805
1248 -0.00848452962105492
1256 -0.00961181258461121
1264 -0.022201127642068
1272 -0.0106840818088677
1280 -0.0149674857678216
1288 -0.0114788721425204
1296 -0.0254275754763526
1304 -0.00951907460497562
1312 -0.0145201979548915
1320 -0.00986227609315171
1328 -0.0295312500973343
1336 -0.0105737744212973
1344 -0.00454270824808839
1352 -0.00470614966876312
1360 -0.0301583807531491
1368 -0.00914238216199666
1376 -0.00848449512720021
1384 -0.00355935881073715
1392 -0.0239433165894113
1400 -0.00426266292145056
1408 -0.0160325762438733
1416 -0.00692746482357622
1424 -0.0264877986876215
1432 -0.00839957084188248
1440 -0.013132489341182
1448 -0.0111415539857099
1456 -0.0238328052099195
1464 -0.00217922502647223
1472 -0.00554635525139542
1480 -0.00283883092957522
1488 -0.0216145992900888
1496 -0.00246984565487531
1504 -0.00684499847756621
1512 -0.000400475120235678
1520 -0.0216599621338257
1528 -0.00252743458039251
1536 -0.0128522391634069
1544 0.000573046457391757
1552 -0.0201150489263092
1560 -0.0049315528246398
1568 -0.00668670598243266
1576 0.000760101800270451
1584 -0.0162627368674208
1592 -0.00179785232763067
1600 -0.00453528588997
1608 -0.00338717836278896
1616 -0.018389459855186
1624 -0.00261974095571157
1632 -0.00701022610717055
1640 -0.00606257421363629
1648 -0.0206952713844561
1656 -0.00217200261940493
1664 -0.00772285117437735
1672 -0.00544809306767939
1680 -0.0190824426101631
1688 -0.00190098921119493
1696 -0.0051096135793537
1704 -0.00325565860424405
1712 -0.0209160433239533
1720 -0.00555047335695545
1728 -0.0070628964583048
1736 -0.000403887284787097
1744 -0.0248170619089421
1752 -0.00621277946590958
1760 -0.00681208428340412
1768 -0.000239223476843153
1776 -0.020706550996538
1784 -0.00419599433942463
1792 -0.00937800563916988
1800 -0.00355372482477111
1808 -0.0176414562875319
1816 -0.00150889921091041
1824 -0.00488711987833131
1832 -0.00332926232428514
1840 -0.0196083035560995
1848 -0.00205939105086098
1856 -0.00625610586805327
1864 -0.00332353182097603
1872 -0.0219848102542301
1880 -0.00953392263512462
1888 -0.0122482707058601
1896 -0.00627427458843889
1904 -0.0280860116073882
1912 -0.0101666141113177
1920 0.0382661817132073
1928 -0.00733095451165281
1936 -0.0279360811481658
1944 -0.0101079514367347
1952 -0.00950608109599532
1960 -0.00556967894706563
1968 -0.0235342049388895
1976 -0.00608314907021639
1984 -0.00718040910993182
1992 -0.00521320240580503
2000 -0.0246183545480671
2008 -0.00748240750111329
2016 -0.0118527182659023
2024 -0.00887857339555587
2032 -0.0291831737796584
2040 -0.00952351472707963
2048 -0.00927895346591494
2056 -0.00854987676201323
2064 -0.0236948362532688
2072 -0.00953040611575341
2080 -0.0116509029532395
2088 -0.0072937590555537
2096 -0.0247561810663248
2104 -0.00776842289554952
2112 -0.0104213745660093
2120 -0.00732398500528294
2128 -0.0271383975374057
2136 -0.010485409628425
2144 -0.00873282512788849
2152 -0.00609505867112236
2160 -0.0237908924041892
2168 -0.00798115200736452
2176 -0.0107516230844785
2184 -0.00898231647210055
2192 -0.0272725044341403
2200 -0.00908093373390091
2208 -0.0117674545451199
2216 -0.0111760961770631
2224 -0.0272552035063832
2232 -0.00934788357654719
2240 -0.0125409032217081
2248 -0.00936500978099161
2256 -0.024661670686675
2264 -0.00982955617030444
2272 -0.0119021540074268
2280 -0.00823453078496049
2288 -0.0269582594722167
2296 -0.00905671731156203
2304 -0.0102758074414959
2312 -0.00793243976329608
2320 -0.0261587069185885
2328 -0.00944514741336268
2336 -0.0107914925152333
2344 -0.00895055712646602
2352 -0.0267082887938831
2360 -0.00757999866864397
2368 -0.00956961683195363
2376 -0.00975717484269251
2384 -0.0284540214931726
2392 -0.0102194358466634
2400 -0.012258674046798
2408 -0.00818864263331169
2416 -0.0253465488325468
2424 -0.0097012345395652
2432 -0.0116371569784154
2440 -0.00685974268614949
2448 -0.0246719380319247
2456 -0.0114515428638633
2464 -0.0115567260454745
2472 -0.0088377484614487
2480 -0.0271465620687356
2488 -0.0102935172738654
2496 -0.0112837682654962
2504 -0.0122633689510072
2512 -0.0310061899666644
2520 -0.0141214917353882
2528 -0.0138924933193815
2536 -0.0120862776776274
2544 -0.0261970129145203
2552 -0.0108957683323713
2560 -0.0104331087289785
2568 -0.0107490795008611
2576 -0.0275223163467329
2584 -0.0116630775281512
2592 -0.0135484509777965
2600 -0.0101806719023606
2608 -0.0313586562961645
2616 -0.0119815427378718
2624 -0.0126271640158876
2632 -0.0103412418881697
2640 -0.0276859126120725
2648 -0.0106930960349492
2656 -0.0154727592334882
2664 -0.0119655063588939
2672 -0.0318350910065649
2680 -0.011423528823044
2688 -0.0146083412372629
2696 -0.0117577187001549
2704 -0.031796903578874
2712 -0.0129498320160344
2720 -0.0131221041833965
2728 -0.00804903548803525
2736 -0.031649015740392
2744 -0.0117163733556543
2752 -0.0129323953765254
2760 -0.0114185554246749
2768 -0.0288679803794715
2776 -0.010176213669271
2784 -0.0127644671987894
2792 -0.0113781057041631
2800 -0.0270670211563349
2808 -0.0116990771010423
2816 -0.0112139621922602
2824 0.0134613508822272
2832 -0.058044900068956
2840 -0.0123555369295621
2848 -0.0149333564872262
2856 -0.0123120269822946
2864 -0.032655738897463
2872 -0.0130004411431075
2880 -0.0136263314039467
2888 -0.0100604606868656
2896 -0.0302658271123531
2904 -0.0112875404921061
2912 -0.0111613429847232
2920 -0.00944316361751178
2928 -0.0319226362674966
2936 -0.00955051499071757
2944 -0.0123229892089895
2952 -0.0090358341624821
2960 -0.0297628842873121
2968 -0.0139100650349511
2976 -0.014414921323943
2984 -0.0127028562321798
2992 -0.0298502979754578
3000 0.0135630565273532
3008 -0.0105796388063556
3016 -0.0111490844544938
3024 -0.0286503588792317
3032 -0.0112143966890592
3040 -0.0132675770511733
3048 -0.011062142628981
3056 -0.0284495759459941
3064 -0.010989029788676
3072 -0.00837555908296989
3080 -0.00982047248807793
3088 -0.0259969086628565
3096 -0.012391884904035
3104 -0.0135522570474308
3112 -0.00981949637627054
3120 -0.0294114691462728
3128 -0.0130587320710715
3136 -0.0119057153295188
3144 -0.0121321914002279
3152 -0.0344529112985738
3160 -0.0360912224060199
3168 -0.0377101053992846
3176 -0.0134603775951902
3184 -0.0319027252841314
3192 -0.0134639442924224
3200 -0.0155047298076896
3208 -0.0123968619283466
3216 -0.0311705029096591
3224 -0.011904264304576
3232 -0.0133471384084092
3240 -0.0131871461409157
3248 -0.0317317428794896
3256 -0.0120193557192026
3264 -0.0131573194071981
3272 -0.0135336766758696
3280 -0.0361187604026312
3288 -0.0142528331995655
3296 -0.0135788522395097
3304 -0.0112777104901927
3312 -0.0291471604995181
3320 -0.0128042200389913
3328 -0.0091011065296741
3336 -0.0113872168587551
3344 -0.0297378644388477
3352 -0.014003739075682
3360 -0.0148722187940898
3368 -0.0196979734616988
3376 -0.0152202952226309
3384 -0.0112794079881359
3392 -0.0129459597530836
3400 -0.0160714227901541
3408 -0.0166581657315178
3416 -0.0246598035043983
3424 -0.0150196770529629
3432 -0.00953344749059011
3440 -0.0159498633612324
3448 -0.0126867467305802
3456 -0.01648461325201
3464 -0.013141851921569
3472 -0.0152676175692046
3480 -0.0159533339275173
3488 -0.0171371512937488
3496 -0.0125647078466706
3504 -0.0121146299626536
3512 -0.0140977884619421
3520 -0.0136762492410151
3528 -0.0142504058592688
3536 -0.0147141366755387
3544 -0.0165609026149563
3552 -0.0161121223848203
3560 -0.0153216582298981
3568 -0.0136235809283184
3576 -0.0157477699975492
3584 -0.00660758181687817
3592 -0.0126136859687106
3600 0.0056325021721025
3608 -0.0135165024618379
3616 -0.0128421411845071
3624 -0.0144048027178696
3632 0.0020429500100141
3640 -0.0178767593667194
3648 -0.0145558286145035
3656 -0.0125315301894408
3664 -0.00143262742436067
3672 -0.0159057116932867
3680 -0.0150932748404289
3688 -0.0155907223811188
3696 -0.00332106058502649
3704 -0.0161694028586265
3712 -0.0174697303305525
3720 -0.0169643281047813
3728 -0.00545636044000214
3736 -0.0166944716873108
3744 -0.0169706994155716
3752 -0.021284925046055
3760 -0.0107669851444214
3768 -0.0214828826444393
3776 -0.0176830336244284
3784 -0.0222855145023607
3792 -0.0138050675083367
3800 -0.0222416671041047
3808 -0.0173070553426948
3816 -0.0208806836987822
3824 -0.0138160518344133
3832 -0.0156535626293326
3840 -0.0060666446720821
3848 -0.00998785182291222
3856 -0.0163046631072462
3864 -0.0121018667808206
3872 -0.0148047124767666
3880 -0.013051458280445
3888 -0.0136963735191383
3896 -0.0104795128345923
3904 -0.0170206206424274
3912 -0.0129571570518952
3920 -0.014898637256524
3928 -0.0130300933500591
3936 -0.0180118733668337
3944 -0.0121205413593134
3952 -0.0131928964245243
3960 -0.0133403345892423
3968 -0.0154762489154185
3976 -0.0142384717301077
3984 -0.0131559715019698
3992 -0.0136413640688669
4000 -0.014735906321493
4008 -0.014718609516265
4016 -0.0145874798641186
4024 -0.0137908491148559
4032 -0.0159919441537322
4040 -0.0146752591502451
4048 -0.0147634707020617
4056 -0.0182547428828584
4064 -0.017017384466694
4072 -0.0161954895763923
4080 -0.0144607712996421
4088 -0.0219387641932695
4096 -0.0491269683681485
16 0.0199561937210999
24 -0.0032969045729286
32 -0.0551400566730153
40 -0.026254988447805
48 0.0412016803156958
56 0.0229608275394268
64 -0.0108896161856592
72 0.0227585416188948
80 0.00458040630339866
88 0.0257386375652981
96 0.0384028949561895
104 0.01018097530534
112 0.0178249271429233
120 0.0117377107051452
128 0.00501524736006461
136 0.00232719971708561
144 -0.00404384377992965
152 0.0492432219607556
160 -0.0522513599345975
168 -0.00984943346669498
176 0.000277407525186394
184 0.00182709024814284
192 0.0140870087155709
200 0.0314282644894452
208 0.016942784114224
216 0.0191209053007745
224 0.0211306387757844
232 0.022102487395917
240 0.00584451692031014
248 0.00899707477117159
256 0.01067542175143
264 0.017361883386915
272 0.0158961599791526
280 0.0127234848930684
288 0.00848063435374636
296 0.0153343375257478
304 0.0184886721818163
312 0.0135798636549899
320 0.0150637957791633
328 0.0111767900223447
336 0.00981536881827833
344 0.013082560046501
352 0.0193885115384844
360 0.0200506816485286
368 0.0194117328745526
376 0.00951470543649025
384 0.0207407536393396
392 0.0194777718175366
400 0.0283757258991718
408 0.0157288380733885
416 0.0162108692256775
424 0.0177517011265865
432 0.0137793108509779
440 0.015892418890307
448 0.0197754790987189
456 0.016736417993112
464 0.0202200327176911
472 0.0104226084319518
480 0.0145105836740215
488 0.0113293146158315
496 0.018680355128576
504 0.0163309964301564
512 0.00916195123041646
520 0.0130024423479452
528 0.00705732167800042
536 0.0100834784414211
544 0.0117387938661161
552 0.0111037732882282
560 0.0127237319934689
568 0.00819812414374535
576 0.00875660218365128
584 0.0203587855006271
592 0.0129151219557856
600 0.0121789701380357
608 0.0127542446286035
616 0.0136816245269436
624 0.0172490370787173
632 0.00362879266761656
640 0.00444132911967969
648 0.0117567553353736
656 0.00681961406130106
664 0.00442653828749933
672 0.00413864996785876
680 0.00316929568306557
688 0.00386165378377176
696 0.0117144017114935
704 0.00699379741212063
712 0.00416050235424059
720 0.0117894322739306
728 0.0144608179963425
736 0.0107967639684747
744 0.0151474803883691
752 0.0150822000065722
760 0.0140483848317677
768 0.0237845432313248
776 0.0187883360120707
784 0.0106427548086762
792 0.0181567612415012
800 0.0146183294745213
808 0.0182089212729898
816 0.0171854011665568
824 0.0171734146295755
832 0.0144883142440324
840 0.0130508606917008
848 0.009488248949357
856 0.00890493231581955
864 0.0114109372200681
872 0.00709670557879078
880 0.00805217416504928
888 0.00587774870109468
896 0.00776853455150251
904 0.0172682641516613
912 -0.000348819431765807
920 0.00374029302354822
928 0.00896546296190342
936 -0.000514291653815004
944 -0.00460056891579376
952 0.0061681168357727
960 0.0101306252892498
968 0.00844026411819449
976 0.00130075156222334
984 -0.00468088241371799
992 -0.00198668536211892
1000 0.00904995456780326
1008 0.00393589500155944
1016 0.0067988485933949
1024 0.041410393436675
1032 0.00694291001385971
1040 0.000920657417593193
1048 0.00521618268932089
1056 -0.00750067188428954
1064 0.00287480822964933
1072 0.00548929204625183
1080 0.00409686993925848
1088 0.017420740186784
1096 0.0137434282163277
1104 0.00968261217745178
1112 0.00646006432544912
1120 0.0135762234190789
1128 0.0109850180555869
1136 0.0148723729841407
1144 0.0157609406026576
1152 0.0140160978481723
1160 0.0196887132555216
1168 0.0215135655668127
1176 0.0226920600382863
1184 0.0186681923368656
1192 0.019350975290647
1200 0.0223330369172017
1208 0.0300919364860281
1216 0.0183807695068552
1224 0.0219973788333975
1232 0.0284053856518995
1240 0.0219671505426632
1248 0.0318684531077967
1256 0.0164414521752199
1264 0.0198289521468635
1272 0.0269022128380119
1280 0.0244820025999086
1288 0.0172123331325431
1296 0.0271223289031386
1304 0.0227416058055754
1312 0.0223675307299197
1320 0.0276679894887012
1328 0.0207535102855916
1336 0.0244292569671299
1344 0.0263546961975563
1352 0.027245193260654
1360 0.0287997079441284
1368 0.0334343604650983
1376 0.0237805103943767
1384 0.0247688913142622
1392 0.0269441715610222
1400 0.027727265936229
1408 0.0248040390419532
1416 0.0263948737510352
1424 0.0188368037888596
1432 0.0307354669163863
1440 0.0228682424205314
1448 0.0253473708118499
1456 0.022554300339748
1464 0.0261913506938663
1472 0.0246282035853677
1480 0.0254041011258031
1488 0.0247717358312913
1496 0.0248817291609155
1504 0.0277381494643821
1512 0.0277580492725787
1520 0.0297736825423163
1528 0.0318572410022539
1536 0.0489615919734874
1544 0.0312307772691892
1552 0.0337589325354106
1560 0.0220227459604612
1568 0.0304286259400169
1576 0.0347555283486304
1584 0.0280076114182472
1592 0.030042930214626
1600 0.0338201380918083
1608 0.0313818504949389
1616 0.0309719242773467
1624 0.0345096561144551
1632 0.0331122293900084
1640 0.0412915956854626
1648 0.034874893372294
1656 0.037117934110999
1664 0.0412599998214434
1672 0.0384302960178457
1680 0.0299571898084231
1688 0.0377741737198942
1696 0.0369592083510919
1704 0.0312405975822484
1712 0.0348157686212362
1720 0.03938100356992
1728 0.0399148374986078
1736 0.0387583094251403
1744 0.033032914426706
1752 0.0396831401242061
1760 0.0365995621335563
1768 0.0365994801176943
1776 0.0393914617630433
1784 0.0394054403715557
1792 0.0357848949506183
1800 0.0421993187511869
1808 0.040458994223903
1816 0.0342682541421899
1824 0.0437952822311444
1832 0.0390903084538564
1840 0.0345838221556093
1848 0.0397076254275952
1856 0.0424601653200649
1864 0.0403839269508118
1872 0.037259105943372
1880 0.0333074282016751
1888 0.0291089436405475
1896 0.0380818200648643
1904 0.0379865590221915
1912 0.0411484013473555
1920 0.0355030679743926
1928 0.0367217287303094
1936 0.0365664194827947
1944 0.0306165346230749
1952 0.0271534951848436
1960 0.0252895870968738
1968 0.034116596312124
1976 0.0271530100932093
1984 0.0432110326813814
1992 0.0352715358534584
2000 0.0301019258692729
2008 0.032282406806831
2016 0.0413945586610187
2024 0.0346055755652038
2032 0.0443994518681559
2040 0.0418566197031718
2048 0.0343317145496926
2056 0.0375162107059354
2064 0.0283211493289845
2072 0.0149994681799772
2080 0.0187808667291234
2088 0.0233318917302913
2096 0.0165145495882608
2104 0.0259679489711152
2112 0.0414815524125477
2120 0.0366928584504528
2128 0.041088594102476
2136 0.0339038317322757
2144 0.0402387694104275
2152 0.040131490198763
2160 0.0457123965299543
2168 0.047671990515149
2176 0.0397151164233431
2184 0.0235684709787486
2192 0.0390744292316568
2200 0.0389042674844544
2208 0.0391768901692213
2216 0.0395250272235986
2224 0.0432419887446003
2232 0.0433638200403598
2240 0.0460772931913068
2248 0.0475169690550468
2256 0.0446906124956353
2264 0.0434163982739701
2272 0.0458125039991141
2280 0.0471627907288247
2288 0.0488186786092418
2296 0.0452007225476051
2304 0.0469548481433279
2312 0.0493447523405463
2320 0.0486101594676272
2328 0.0489396823618136
2336 0.0503471938675761
2344 0.0479724364248171
2352 0.0486956820471708
2360 0.0476381694321119
2368 0.051935533721261
2376 0.0485257158969612
2384 0.0491817234503732
2392 0.0519641097606948
2400 0.0483708347876108
2408 0.0491714644044469
2416 0.0471134657437209
2424 0.0513667590043584
2432 0.0453308691034453
2440 0.0537123968402863
2448 0.0522123025558158
2456 0.0489358642114563
2464 0.0531409312972784
2472 0.0530596874393709
2480 0.0490335973625653
2488 0.0500925831228325
2496 0.0601876751867025
2504 0.045049319536131
2512 0.0474555323587759
2520 0.0390534392463242
2528 0.0502713680179632
2536 0.0502351862752588
2544 0.0519490021544992
2552 0.0532159030666439
2560 0.124395984863186
2568 0.0527600930292317
2576 0.0502409511079417
2584 0.0535971812282376
2592 0.0557801014866025
2600 0.0523429330314293
2608 0.0546700513876889
2616 0.0540793930726873
2624 0.052315622977094
2632 0.0523572005627695
2640 0.0541189584678392
2648 0.0560573500848324
2656 0.0490099118064618
2664 0.0542572052851185
2672 0.0526021282031754
2680 0.056430960178283
2688 0.0625557629826642
2696 0.0554195773961168
2704 0.0549422355909778
2712 0.0572947281235825
2720 0.0539809285394407
2728 0.0603811667244163
2736 0.0600065393895178
2744 0.0602830991644352
2752 0.0583420781374257
2760 0.0637270978289888
2768 0.0616978643361736
2776 0.0612594211585627
2784 0.0622801878576881
2792 0.0608371108715056
2800 0.0638862760449264
2808 0.0646473017347642
2816 0.0682768029723676
2824 0.0661476496222679
2832 0.0651611342157411
2840 0.0658012483500751
2848 0.0639075115079326
2856 0.0656913861944257
2864 0.0669347879483606
2872 0.0672000891022113
2880 0.0622224409671088
2888 0.0671933344338703
2896 0.0687195512215852
2904 0.0696635509606173
2912 0.0688369803078432
2920 0.0711995052382094
2928 0.0690126158810047
2936 0.0761738909649833
2944 0.0807740317550009
2952 0.0803935445058387
2960 0.0696180943510572
2968 0.0624460107755639
2976 0.0614318093072153
2984 0.0637305394721164
2992 0.0673276252639353
3000 0.0642971882783954
3008 0.0787797395933009
3016 0.0746161364666427
3024 0.0744951266857668
3032 0.0742344265356104
3040 0.0741181843142753
3048 0.0716415426121353
3056 0.07912275416023
3064 0.0823284797301151
3072 0.0914732251690861
3080 0.0761214131694968
3088 0.0717354513516399
3096 0.0628059121738174
3104 0.0628280317803135
3112 0.0646724024262421
3120 0.0591223230939346
3128 0.062392990783592
3136 0.0689077209436037
3144 0.072213834808371
3152 0.0738166667603871
3160 0.0748674525082803
3168 0.0736102326843208
3176 0.0699971856066793
3184 0.0729249208202169
3192 0.0751459446209515
3200 0.0726346172354348
3208 0.0719959130303472
3216 0.0656409490376204
3224 0.0636769170311841
3232 0.0622055647662713
3240 0.0633877175947436
3248 0.0671516258046747
3256 0.0635138704450408
3264 0.0602702551542052
3272 0.0702003488477607
3280 0.0498423837246037
3288 0.0656752720716134
3296 0.0636287954821684
3304 0.0624658682090501
3312 0.0668165691330996
3320 0.0655406619457119
3328 0.0754585895731723
3336 0.0667175959570299
3344 0.0640062066074871
3352 0.060913808859445
3360 0.0632556727804226
3368 0.0652427186537269
3376 0.069358683477412
3384 0.0670062164741495
3392 0.0642185678325891
3400 0.0637938020487045
3408 0.0670028130189432
3416 0.0663659865160523
3424 0.064712666856875
3432 0.0665023738171054
3440 0.0629933232205247
3448 0.06114179337091
3456 0.0625990087103336
3464 0.0623042035855722
3472 0.0625050545970724
3480 0.0652236031316747
3488 0.065033773927054
3496 0.0621640631412697
3504 0.0649763692628869
3512 0.0584226669696466
3520 0.0632187310144313
3528 0.0605405448882477
3536 0.060140218685285
3544 0.0623430050294425
3552 0.0630718132403367
3560 0.0597132348009697
3568 0.0593965084422978
3576 0.0594793647121304
3584 0.080346818977488
3592 0.0588472607247268
3600 0.0590237238385447
3608 0.0602319981486681
3616 0.0592930672269139
3624 0.0580049164208675
3632 0.0593306478457651
3640 0.0509650936663939
3648 0.0570888706438853
3656 0.0610621336801676
3664 0.0586185795937694
3672 0.0596655353791853
3680 0.0601005056429185
3688 0.057503802446757
3696 0.057924837188957
3704 0.0604896934439143
3712 0.0580251443819709
3720 0.0580822648238942
3728 0.0592580995800712
3736 0.0578410936785006
3744 0.0580449109458353
3752 0.0562025404953843
3760 0.0549592956695229
3768 0.0568981025591743
3776 0.0560972489252742
3784 0.0547671436516678
3792 0.0557876009468996
3800 0.0586084138937166
3808 0.0540384258237306
3816 0.0562445800541893
3824 0.0604498950310122
3832 0.0577807060078907
3840 0.0571981719410685
3848 0.0560621924518439
3856 0.0562431104812859
3864 0.0555902978740687
3872 0.0540101525521911
3880 0.0549215712058165
3888 0.0548714916210011
3896 0.0559501497277424
3904 0.0550232181745442
3912 0.0538424740559768
3920 0.0548208604009866
3928 0.0525768993689505
3936 0.0536545041827361
3944 0.0562138104227469
3952 0.0594054795721633
3960 0.0567008565161999
3968 0.0512640880653709
3976 0.0545021723765091
3984 0.0525623307722927
3992 0.0425747338174435
4000 0.0425883931925666
4008 0.039367196566764
4016 0.0418472371062428
4024 0.0446614900717272
4032 0.0550592598828014
4040 0.0551864635984211
4048 0.050521763320969
4056 0.0525976806730864
4064 0.0526084258570495
4072 0.054545873198859
4080 0.0542675723397176
4088 0.0542583435089563
4096 -0.0173543609302999
16 0.010703454837367
24 -0.00669772859638903
32 0.0169208659774698
40 0.0503530141981534
48 0.0430377901679968
56 0.0169909417376857
64 0.0638579340343955
72 0.0336403684421304
80 0.0885723483019474
88 0.0665778099847301
96 0.0831060129164627
104 0.105799127135807
112 0.102167702907074
120 0.105154845770838
128 0.100038049337307
136 0.103668559473999
144 0.103668168822988
152 0.136004752122367
160 0.123650857953066
168 0.119742683519366
176 0.126904038211029
184 0.121446104534989
192 0.111217312682738
200 0.110492534819489
208 0.0975868777553679
216 0.11131710760749
224 0.110767944428203
232 0.0969652008607735
240 0.0824335906232866
248 0.0866234693003738
256 0.0776585342943021
264 0.0809996324880555
272 0.0824591013181668
280 0.0694817244921629
288 0.0768459420312924
296 0.0763944601001516
304 0.0712747764070018
312 0.0708981321681862
320 0.0816013414081118
328 0.0759200479930194
336 0.0769497102136572
344 0.0756733068617504
352 0.0767374180598712
360 0.0754109194116146
368 0.0784458955170933
376 0.0670401959484704
384 0.0690743412282463
392 0.0661385399850573
400 0.0593044407030813
408 0.0580409387608526
416 0.0599636746473564
424 0.0577301981001845
432 0.0603437139257133
440 0.0602884574490706
448 0.0559767841252388
456 0.0618783171298471
464 0.0653341486227007
472 0.0561705790462807
480 0.0455859278381277
488 0.0558583528787265
496 0.0511024333744762
504 0.0507238124707833
512 0.0561014704965558
520 0.0495655034817074
528 0.0573087743441518
536 0.0551412517263047
544 0.054592680667546
552 0.0545501142211884
560 0.0555870241610869
568 0.0522055088505293
576 0.0522739514646435
584 0.0524723850439144
592 0.0550682265275085
600 0.0563584197963954
608 0.0545454088751254
616 0.0513234335495464
624 0.0547590388261404
632 -0.011008052639566
640 -0.016960542995756
648 -0.00870576253537536
656 -0.0077891711465882
664 -0.00988893728330024
672 -0.00349168345929727
680 -0.00816021265518528
688 -0.00388940437632766
696 -0.00533589475192207
704 -0.00544542360254785
712 -0.0093253806637057
720 0.00198231736485546
728 -0.00611423643032111
736 0.0212849426311053
744 0.0191169493174234
752 -0.0159990027135995
760 -0.0196103257667198
768 0.0322570764938749
776 0.0465701205193419
784 0.0395704871503282
792 0.0411894492920735
800 0.0102704622854447
808 0.0387738817734371
816 0.0475523849151075
824 0.027383712656612
832 0.049389875024086
840 0.0163128986093803
848 -8.77453306729016e-05
856 0.0210525632284239
864 0.014072161593795
872 0.0240791480913641
880 0.0172212567525285
888 -0.00268138086838784
896 0.0552418740696789
904 -0.00972611702757772
912 -0.00330623925230666
920 0.00175361002084771
928 0.0377055239330806
936 0.0238911342463539
944 0.00609707979254164
952 0.0094169509496957
960 0.0521235135236435
968 0.0501026337758195
976 0.0566592625905197
984 0.0560917092585357
992 0.0681103796203027
1000 0.0528523011495116
1008 0.0347483346113732
1016 0.0241424811507719
1024 0.0563446967646419
1032 0.012742463563369
1040 0.0207435226905492
1048 0.0247672175249988
1056 0.0313253039623464
1064 0.0380456125743856
1072 0.0439376594030214
1080 0.0555707527237376
1088 0.0700740157746674
1096 0.0640193375362538
1104 0.0677402626491624
1112 0.0641823258950596
1120 0.0575187256244987
1128 0.0439465286365342
1136 0.0438617706110943
1144 0.0427942816460051
1152 0.0673142021241973
1160 0.0526245218929849
1168 0.0669726990118996
1176 0.0767659998784521
1184 0.0840642019284351
1192 0.0814668420286255
1200 0.087694673428364
1208 0.0779716615045558
1216 0.0785290988411476
1224 0.0784596710159677
1232 0.0787214409847358
1240 0.0705182958326239
1248 0.0783432636803809
1256 0.0267114844679953
1264 0.0300634242205726
1272 0.0268633854791253
1280 0.016087988202764
1288 0.0290041412557728
1296 0.0326479550347155
1304 0.0308499501128997
1312 0.0284423947088626
1320 0.0301851888799051
1328 0.0311327973389839
1336 0.0266174452449476
1344 0.026388258809179
1352 0.0547834706080207
1360 0.0558884730630482
1368 0.0571553555917562
1376 0.0519509270404409
1384 0.0491203024692249
1392 0.0510682505624537
1400 0.0488155408426816
1408 0.0484297672641545
1416 0.0478928791295586
1424 0.0514222169013784
1432 0.0461386016019907
1440 0.0474887712237335
1448 0.0394639269403761
1456 0.0415073808009239
1464 0.0394968977415543
1472 0.033428033594858
1480 0.036438409418501
1488 0.03912109355258
1496 0.0392146653474186
1504 0.0350265443262596
1512 0.038167253305574
1520 0.0363468762609357
1528 0.0309790511344387
1536 0.0193454101775988
1544 0.0557349700102697
1552 0.0567816423857586
1560 0.054019172968263
1568 0.0538854198085866
1576 0.0535583155637856
1584 0.0532932604405566
1592 0.0529584750934514
1600 0.0517429583758499
1608 0.0522888485263032
1616 0.0541256758732153
1624 0.0516030082944005
1632 0.0524216565944328
1640 0.0475552313227261
1648 0.0496986571857592
1656 0.0471126132527163
1664 0.0443332942689086
1672 0.0463764580453641
1680 0.0492048260809827
1688 0.0466617430010089
1696 0.0431821119844713
1704 0.0461306788347739
1712 0.0449292111123809
1720 0.0415710071927167
1728 0.0452626852016913
1736 0.0660806894809061
1744 0.0680099756260672
1752 0.0612936563510281
1760 0.0637755009393059
1768 0.0604003954740429
1776 0.0640413132954986
1784 0.062204382079615
1792 0.0510258122000625
1800 0.0618874870435074
1808 0.0641366268182334
1816 0.0604552943197252
1824 0.0592316044946336
1832 0.0500906834007151
1840 0.0541260387377902
1848 0.0495663048157181
1856 0.0525341011414406
1864 0.0528164453489493
1872 0.0580599579822469
1880 0.0141008368022538
1888 0.00613870015727801
1896 -0.00345225976566911
1904 -0.0141546184099891
1912 -0.0174056829384092
1920 0.020027181001233
1928 -0.0140139885433128
1936 -0.011411815850838
1944 -0.00595113434971056
1952 0.00583882501287794
1960 0.00272471025650234
1968 0.0107054613177941
1976 0.0152873274974387
1984 0.0331743396048494
1992 0.0339134554615146
2000 0.0364581600617799
2008 0.0317075783040672
2016 0.0152588813687834
2024 0.00361014643264821
2032 -0.00391195597836505
2040 0.00420174231067197
2048 0.0125393666157675
2056 -0.0229915387628669
2064 -0.0225212733241667
2072 -0.0209308339257901
2080 -0.0160275625261344
2088 -0.0112042289634447
2096 -0.00276653415984757
2104 0.00656557444483085
2112 0.0310910627700013
2120 0.048980397752829
2128 0.0489090644553557
2136 0.048299452954646
2144 0.0350873613038703
2152 0.0210505079857866
2160 0.0163223315036177
2168 0.0134869611548767
2176 0.0463346721231783
2184 -0.00373289810529196
2192 0.0131384212147088
2200 0.0253273920062175
2208 0.0362550036674099
2216 0.0340872865909096
2224 0.0446887424611099
2232 0.0448481637963731
2240 0.0447981326212989
2248 0.0465610205178534
2256 0.0490639470446677
2264 0.0411136813447819
2272 0.0415412644025798
2280 0.0399531727954498
2288 0.0408840264892728
2296 0.0396424331143515
2304 0.0407997382212431
2312 0.0556374377014419
2320 0.0556784708955166
2328 0.0557694183004132
2336 0.0556801463677845
2344 0.0542363435213832
2352 0.0552576204821527
2360 0.0533888575740196
2368 0.0578739717502571
2376 0.0530731143751041
2384 0.0574734581842042
2392 0.0544701435661739
2400 0.0533966662459305
2408 0.0547659275995546
2416 0.0571089790540007
2424 0.0540206479499045
2432 0.0607657098810853
2440 0.0555413541272684
2448 0.0569664022560365
2456 0.0578926490870951
2464 0.0510311724714619
2472 0.0515034095161167
2480 0.0537458875618074
2488 0.0493579198356542
2496 0.053700846475764
2504 0.0402186552584206
2512 0.0381200989906772
2520 0.0370131877750586
2528 0.0388123470902829
2536 0.0431056095154273
2544 0.0373225440794948
2552 0.0321208696878085
2560 0.0335676752838347
2568 0.0346355497142342
2576 0.0360362177174144
2584 0.0370142259072291
2592 0.0363316147615468
2600 0.037852407159015
2608 0.0483431458111474
2616 0.038380090077508
2624 0.0407386511709102
2632 0.0406102333548826
2640 0.0433452771382512
2648 0.0413680870434437
2656 0.0390416384619705
2664 0.0374348705688711
2672 0.0465934272601838
2680 0.0416552482859796
2688 0.0515350267184879
2696 0.0534987329980884
2704 0.0517522442911528
2712 0.0441509704530311
2720 0.0464029128513849
2728 0.0526244801245873
2736 0.0570433632457036
2744 0.0487154492899805
2752 0.0474531652760767
2760 0.0457798687654404
2768 0.0515565103561661
2776 0.0447801281078909
2784 0.0450615027038859
2792 0.0459921654773681
2800 0.0512705439908297
2808 0.0456025146883451
2816 0.0709691547916807
2824 0.0504807431732429
2832 0.0578465545585078
2840 0.065937508867259
2848 0.049434570804128
2856 0.0525726748009449
2864 0.049859185017211
2872 0.0501117233630377
2880 0.0510357214580115
2888 0.0608404877617913
2896 0.0620479996111509
2904 0.0630365790578529
2912 0.0550623348269449
2920 0.0597411370345965
2928 0.0526291649001646
2936 0.0412055829290991
2944 0.069056185396846
2952 0.0150648221793771
2960 0.0320267729128775
2968 0.0265990487934216
2976 0.0449336526115209
2984 0.054491729269822
2992 0.052263449500934
3000 0.0668081575976859
3008 0.0691218344099319
3016 0.0768734665892784
3024 0.0831699825503052
3032 0.0842812097614966
3040 0.062382165465587
3048 0.0417077340308567
3056 0.0436737669641045
3064 0.0398622020870002
3072 0.143279339967229
3080 0.0212087828467302
3088 0.021115846379812
3096 0.0263460896461452
3104 0.0243861261622397
3112 0.0359700059514104
3120 0.0449412652071528
3128 0.0260561037600928
3136 0.0488408257458879
3144 0.057570961279152
3152 0.0667000850237014
3160 0.0640890398154856
3168 0.0494318415463274
3176 0.034252888042244
3184 0.0307490874510827
3192 0.0269715300370784
3200 0.0631546237154466
3208 0.0115552536405048
3216 0.0264733421774946
3224 0.0360342611182459
3232 0.0461668718649962
3240 0.0418269592471607
3248 0.0478563890443677
3256 0.050421295795111
3264 0.0485309981705117
3272 0.057437668862247
3280 0.055760935604802
3288 0.0546323868828566
3296 0.0546129152261635
3304 0.0522600039482339
3312 0.0600047893933279
3320 0.0502062730166982
3328 0.0805295812038873
3336 0.0503392204936158
3344 0.0572756840686734
3352 0.0719417496240581
3360 0.0497787233875652
3368 0.0580682873537234
3376 0.053382054297771
3384 0.0676106778584188
3392 0.0565666240698236
3400 0.0492136192084984
3408 0.052298375712235
3416 0.0604868639204166
3424 0.0505376702447624
3432 0.0606290845234039
3440 0.0523466103931458
3448 0.053124067782397
3456 0.0712894623793832
3464 0.0635594325342079
3472 0.0644011677219755
3480 0.0607280024137773
3488 0.0625860378416174
3496 0.0601561899464777
3504 0.061949834926212
3512 0.0835757559080817
3520 0.0605938996690668
3528 0.0595915554592615
3536 0.0567462318123225
3544 0.0570085148226009
3552 0.0594908761688766
3560 0.0602932745235716
3568 0.0591609911727706
3576 0.0581717366514719
3584 0.0560844565404497
3592 0.0596269958373639
3600 0.0592427009915032
3608 0.0592384022551095
3616 0.0581016814105769
3624 0.063856118745872
3632 0.0579222767383721
3640 0.0742004663368648
3648 0.0628228779299762
3656 0.0716013625467769
3664 0.0688906152427189
3672 0.0816900731179413
3680 0.0670233192000464
3688 0.0756137340389218
3696 0.0697283659761055
3704 0.0673014435754651
3712 0.0764308936887456
3720 0.0658237080938225
3728 0.0637855985199053
3736 0.0666972615143664
3744 0.0613132061262821
3752 0.0428723388642511
3760 0.0487759878437269
# 0.0357781416556033
