16	16	16	16	0.9856223305059255	0.9270114292180603	2.1457920056692358e-13
32	32	32	32	5.423594157321968	5.126809043260581	3.223578205224345e-12
48	48	48	48	12.18879673766291	11.422433381532741	1.5673947873087023e-11
64	64	64	64	16.984563551840875	15.626365438206935	4.764224596768616e-11
80	80	80	80	21.773336168403144	20.567204948983694	1.2712120376568162e-10
96	96	96	96	27.003090258437172	25.224479322584784	2.2057074807852212e-10
112	112	112	112	27.956818928034863	26.281705685931552	4.404208724858925e-10
128	128	128	128	30.45054685770084	28.546370878550597	7.617201381538995e-10
144	144	144	144	32.59176305901422	31.04998596192041	1.2524795480625479e-9
160	160	160	160	32.47436677561489	31.623482906642785	1.5276045855147194e-9
176	176	176	176	34.513375907065814	33.72955850326668	2.6309605175604864e-9
192	192	192	192	36.60694110238909	35.320564898448026	3.5267310356025374e-9
208	208	208	208	35.807942764030955	34.45129959313839	4.673317613003088e-9
224	224	224	224	37.37681770302031	36.14055667026804	6.845775259653645e-9
240	240	240	240	39.35439883052756	38.221658801743814	7.986973477082283e-9
256	256	256	256	39.292698378497384	37.78160836062427	1.028745277324476e-8
272	272	272	272	39.79957072908318	38.54508713450936	1.5997684920487817e-8
288	288	288	288	41.196480655201384	39.88807634346209	1.8440716130348042e-8
304	304	304	304	40.77772197757219	39.66143354924369	2.1784290002130097e-8
320	320	320	320	41.36666012317337	40.63291771021952	2.6748177762666083e-8
336	336	336	336	42.27456976580906	41.59045853815779	3.28942816936399e-8
352	352	352	352	42.094867426266894	41.49511473324526	4.161876248475971e-8
368	368	368	368	42.85194673089238	42.090550028947995	4.926995701434135e-8
384	384	384	384	43.88355452806258	43.2397603768877	5.32139007600236e-8
400	400	400	400	42.98494150186028	42.05806543084955	5.7230889937853566e-8
416	416	416	416	43.55303616488511	42.670023781041934	7.678753215753953e-8
432	432	432	432	44.34109585330543	43.53888775480446	9.107458646836177e-8
448	448	448	448	43.98920761064034	43.12713768643808	1.0918342239970598e-7
464	464	464	464	44.651412596614605	43.73366931957751	1.2180759372892e-7
480	480	480	480	45.07109297359707	44.65228504713509	1.303751816081525e-7
496	496	496	496	44.59173168351928	44.02273183771389	1.417814361600955e-7
512	512	512	512	45.1664419299205	43.97797296023181	1.6006560648196556e-7
528	528	528	528	45.923575337355395	45.196583925881484	1.8737876921831505e-7
544	544	544	544	45.469939102905386	44.68669269263115	2.332251901333318e-7
560	560	560	560	45.94841138553367	44.997112030230895	2.5700453511814323e-7
576	576	576	576	46.60400569945189	45.63232523521414	2.8556239451075793e-7
592	592	592	592	45.69595903732967	44.4015258653589	3.164523926615015e-7
608	608	608	608	46.03490063422089	44.603719567913565	3.360100336455364e-7
624	624	624	624	46.62493690840157	45.0507274115367	3.7577452141478687e-7
640	640	640	640	42.23148781884073	44.81455789315642	3.9105790204036464e-7
656	656	656	656	42.7436096940335	44.7028759164086	4.6397440066755605e-7
672	672	672	672	43.36779876670253	45.150802638380455	5.443004814633394e-7
688	688	688	688	43.1205592923349	44.57318359707217	6.066849991872677e-7
704	704	704	704	43.568934431009374	45.01958436512614	6.322137033099364e-7
720	720	720	720	44.1442422767268	44.80770996861342	7.086869130757285e-7
736	736	736	736	43.690013129854826	44.55996628453628	7.483013164878875e-7
752	752	752	752	44.094504367661266	44.85015348525902	8.045505930144416e-7
768	768	768	768	44.33177346488143	45.099835337775346	8.362343271164863e-7
784	784	784	784	43.95248047494443	43.565350447986745	8.838050049433057e-7
800	800	800	800	44.338500637744815	43.43183424511909	9.214503858904743e-7
816	816	816	816	44.84215448191391	43.90411884058673	9.995586303142973e-7
832	832	832	832	44.115365747863954	43.799175285776165	1.1589904389139613e-6
848	848	848	848	44.446515472273234	43.62877632410575	1.394413530548692e-6
864	864	864	864	44.90406423100135	44.16182712034708	1.4927215448377132e-6
880	880	880	880	44.88875119072881	44.23751601626975	1.5802082507807859e-6
896	896	896	896	45.05404125133841	43.93817853398871	1.6391277313232422e-6
912	912	912	912	45.782381563066636	45.369374093869176	1.7738172292936284e-6
928	928	928	928	45.35340865224112	44.61237590091156	1.9287220581152384e-6
944	944	944	944	45.35069049994867	44.59149539551696	1.959686828164357e-6
960	960	960	960	45.641282090220656	44.36802008319681	2.083046962298858e-6
976	976	976	976	45.23538247253697	42.49836358425285	2.1711508331426335e-6
992	992	992	992	45.70670128145276	43.603083857452226	2.2570340797917295e-6
1008	1008	1008	1008	46.18512766462813	44.70318586182667	2.322395092308852e-6
1024	1024	1024	1024	45.05796487474619	42.510109079889936	2.495621991316434e-6
1040	1040	1040	1040	46.18939654777721	45.90610888190735	2.7973035925171464e-6
1056	1056	1056	1056	46.42794250346056	45.58865254157564	3.1550019959081214e-6
1072	1072	1072	1072	45.97721979762992	44.477262584753475	3.4587389515459224e-6
1088	1088	1088	1088	46.04309422658743	43.60476736068164	3.6467680928151848e-6
1104	1104	1104	1104	46.21049517968728	43.72495318953742	3.732019545571474e-6
1120	1120	1120	1120	46.013253658857266	44.165837165636475	4.154138009932215e-6
1136	1136	1136	1136	46.30781692032943	44.953643956096855	4.4827735600095015e-6
1152	1152	1152	1152	46.46407902125708	44.091765711951425	4.598958007301655e-6
1168	1168	1168	1168	46.42974601974836	44.180973941329846	4.7180003766982195e-6
1184	1184	1184	1184	46.490299994951265	43.52953157499822	4.9571619282053205e-6
1200	1200	1200	1200	46.761355660680955	43.58469073865363	5.125804518996426e-6
1216	1216	1216	1216	46.2488382637884	43.24531526302327	5.213958675534496e-6
1232	1232	1232	1232	46.44959760853372	43.54278995376743	5.490344924155727e-6
1248	1248	1248	1248	46.670596178503	43.7240769848244	5.5638828784252e-6
1264	1264	1264	1264	44.45263234837687	43.445589946825244	5.970086586369686e-6
1280	1280	1280	1280	44.49416760498726	43.47094684125879	5.954351867129587e-6
1296	1296	1296	1296	45.10231182873203	43.91996840351495	6.752840618898378e-6
1312	1312	1312	1312	44.859059860646525	43.83801249334928	7.244048976307553e-6
1328	1328	1328	1328	45.062584720906486	43.94425244098154	7.797964306557794e-6
1344	1344	1344	1344	45.32819164039674	44.28908056416998	8.554408698297798e-6
1360	1360	1360	1360	45.21183284728564	43.11080129899547	9.105767852997653e-6
1376	1376	1376	1376	45.292116621031454	43.33480298183142	9.527658441897006e-6
1392	1392	1392	1392	45.526939265105646	43.67157691367555	1.012985278092503e-5
1408	1408	1408	1408	45.16133623620647	43.470715075109126	1.0071597736065113e-5
1424	1424	1424	1424	45.38555141548256	43.66392013177174	1.0723660797072692e-5
1440	1440	1440	1440	45.69831977006643	43.967341425654716	1.0944109120061852e-5
1456	1456	1456	1456	45.37665474971387	43.77496397879056	1.174948764637889e-5
1472	1472	1472	1472	45.630903601411696	44.03298205609338	1.1862372586878656e-5
1488	1488	1488	1488	45.75926644423285	44.12920478939672	1.2286764186507772e-5
1504	1504	1504	1504	45.67706057692819	44.05130313007369	1.2638855373011708e-5
1520	1520	1520	1520	45.84957711456695	44.36036342976753	1.299083882390976e-5
# Flush value 31876710400
