8	8	8	8	0.13191626409017712	0.12878883159351023	1.6280579355608324e-14
16	16	16	16	0.8701009028146575	0.8481648289071801	2.360884497795176e-13
24	24	24	24	2.83540149728233	2.6919818898787793	9.646648066153113e-13
32	32	32	32	4.8927544887827095	4.636106395019808	3.673334145197148e-12
40	40	40	40	7.353997299704116	7.2202166064981945	6.526852345999634e-12
48	48	48	48	11.64770004476158	11.3517924504093	1.3520610761878294e-11
56	56	56	56	13.419374558236385	12.714970948648794	3.187126907129865e-11
64	64	64	64	15.840234451712313	14.92231282642417	5.268793159470165e-11
72	72	72	72	19.815935123369126	18.580876404774052	7.535096366048667e-11
80	80	80	80	20.45095963731501	19.15450804339693	1.1475502320963646e-10
88	88	88	88	22.12068685688318	20.077396165545892	1.977936658523422e-10
96	96	96	96	24.450014508573876	24.006023646884053	2.2164816927001546e-10
104	104	104	104	25.5295526114216	23.87105947265107	3.2244890180533313e-10
112	112	112	112	26.531854020112366	24.83598131460669	4.3118874280565225e-10
120	120	120	120	28.816809805720005	28.107844333292668	5.334820243245736e-10
128	128	128	128	28.05948661684919	28.215211161489098	7.251177159662471e-10
136	136	136	136	28.58432124543685	27.11921125970967	9.617483966202885e-10
144	144	144	144	29.932876217971852	29.113444077464017	1.1539219181052764e-9
152	152	152	152	30.93116075262306	28.516508323183107	1.3629171850588283e-9
160	160	160	160	29.614152036424827	28.967929121927327	1.7810497992665322e-9
168	168	168	168	32.279825585551244	32.04958540826345	2.1347218217435583e-9
176	176	176	176	32.232899956839724	31.274664157859785	2.6470089799030854e-9
184	184	184	184	31.749288068732742	30.64859911712215	2.973152508289119e-9
192	192	192	192	34.44856360649754	33.13943786608234	3.2927225399135964e-9
200	200	200	200	33.77344351919282	29.66382542838735	4.095685594308255e-9
208	208	208	208	33.968701606441996	31.57454818814741	4.878343744146862e-9
216	216	216	216	35.855839380349146	33.6854602977232	5.816107614336906e-9
224	224	224	224	34.89323179420631	32.70528309051665	6.925488690722663e-9
232	232	232	232	35.22279592518888	32.631901062933224	7.664868245544621e-9
240	240	240	240	37.48436626162997	35.128689573330256	8.475163356960424e-9
248	248	248	248	37.05690337941255	35.36072923862999	9.543216569311542e-9
256	256	256	256	38.28520018917579	36.821068306405195	1.080218768647131e-8
264	264	264	264	39.91161623145589	38.3737319807795	1.3552263575471237e-8
272	272	272	272	39.32712004518282	37.95255187943762	1.4609079288366243e-8
280	280	280	280	39.151445216601914	38.00054009513984	1.7672137272680107e-8
288	288	288	288	40.978040315245096	39.563015801773126	1.7570616625925438e-8
296	296	296	296	30.24293329562831	39.07634622664786	1.910488579833036e-8
304	304	304	304	40.32814921197479	39.32210449703977	2.0919804179862055e-8
312	312	312	312	39.50759840857812	37.29708989194202	2.2222828118111953e-8
320	320	320	320	40.35221990777656	40.12298439185541	2.5881930226900947e-8
328	328	328	328	40.30924786738263	37.82569388540453	2.887006096457421e-8
336	336	336	336	38.594507974928305	37.77103713620426	3.1917336374882226e-8
344	344	344	344	41.20012114829761	33.240266223709	3.7675422814057737e-8
352	352	352	352	29.536754507628295	39.727298997872865	4.168383861432713e-8
360	360	360	360	41.07723860869519	39.0171697373579	4.278765930100667e-8
368	368	368	368	41.73793374915464	41.59481926325654	4.794502524875513e-8
376	376	376	376	42.0833855839081	36.56803221117499	5.351054043395766e-8
384	384	384	384	43.30600839839649	42.60618956043801	5.405082028960745e-8
392	392	392	392	41.99018704699964	40.19358567861801	5.569277848201265e-8
400	400	400	400	42.08545253862409	41.26028243308017	6.206236087977965e-8
408	408	408	408	41.88798314052966	37.58239257198216	6.752249236910648e-8
416	416	416	416	42.454024914385094	41.61250375713856	7.529758854568781e-8
424	424	424	424	42.85189397862915	41.607909239382	8.194580267168185e-8
432	432	432	432	36.84873060717295	43.04585292614806	9.669622296405889e-8
440	440	440	440	43.61788725602582	42.452125552819155	9.991663327117525e-8
448	448	448	448	43.454653841925115	42.33111886264127	1.0888909476298109e-7
456	456	456	456	44.58201127235579	43.46873863212047	1.1335385651383993e-7
464	464	464	464	44.2377792930026	43.16739759353725	1.2108984342501217e-7
472	472	472	472	43.64138496611127	41.87684599242761	1.2453980327071594e-7
480	480	480	480	44.78408389726655	43.63400925238113	1.2755719831873253e-7
488	488	488	488	44.077553692772234	43.247407776785934	1.4034261771194333e-7
496	496	496	496	44.145959881364725	38.71675822811659	1.414844215842662e-7
504	504	504	504	44.83101499000422	43.30082148710533	1.4599799557207974e-7
512	512	512	512	43.44512112126692	42.75838903083167	1.6140655860967883e-7
520	520	520	520	38.33190460151604	43.147362721480135	1.8058534443549953e-7
528	528	528	528	45.507762396709545	41.49161967553215	2.0074268690774574e-7
536	536	536	536	45.00266408557805	43.58418335903022	2.2185034248432877e-7
544	544	544	544	44.83810102062274	43.85773311798012	2.4177105336767364e-7
552	552	552	552	45.885760838837	44.54751295317232	2.48863612324751e-7
560	560	560	560	45.15152245559739	44.205751220691894	2.6524223889063257e-7
568	568	568	568	45.306492009418534	40.66799030583921	2.785884568951168e-7
576	576	576	576	43.94299732333597	43.900145837642974	2.8263760554592156e-7
584	584	584	584	45.358704233547215	42.42864536937662	2.894960458648641e-7
592	592	592	592	45.09751173738004	40.62120194984021	3.089128330346348e-7
600	600	600	600	46.053510021035905	43.13512692585986	3.283172967576439e-7
608	608	608	608	45.42582868197807	43.69028235694675	3.334759109005764e-7
616	616	616	616	45.45220285386759	43.864212012422804	3.5483756753386277e-7
624	624	624	624	46.43933944954129	44.73840570146678	3.5455879746113654e-7
632	632	632	632	41.8797058237138	44.43056552807857	3.6752684008166e-7
640	640	640	640	41.717443745110685	44.31993776300244	3.738445286018607e-7
648	648	648	648	42.69234148329319	44.97454430053355	4.1396424156905734e-7
656	656	656	656	42.383594915522515	44.644597934514316	4.3901957418989776e-7
664	664	664	664	42.37797190413244	44.21274815118511	5.082803339007657e-7
672	672	672	672	43.0906423068335	44.791850027878255	5.343422183937693e-7
680	680	680	680	42.84335809372455	44.35050697985696	5.602321385475236e-7
688	688	688	688	42.83039207627545	44.187982802597965	5.778644566259734e-7
696	696	696	696	43.53514955148387	44.779237420838605	5.999683826328612e-7
704	704	704	704	43.16293012366611	44.57653601051219	6.435162687805052e-7
712	712	712	712	43.106212683207744	44.164992057788986	6.922026450777272e-7
720	720	720	720	43.99083453564788	44.861551941572095	6.986881020367252e-7
728	728	728	728	43.497252676172494	42.9956472334883	7.174835614444902e-7
736	736	736	736	43.42391905551773	42.86104862746404	7.496446754894206e-7
744	744	744	744	44.052152116499286	43.6349976426625	7.741077945231066e-7
752	752	752	752	43.882023164522344	43.365016028400355	7.940463043629346e-7
760	760	760	760	43.56004342250921	42.909429102575245	8.19030298136966e-7
768	768	768	768	43.80763702929209	42.930879538173365	8.357695218962732e-7
776	776	776	776	43.90861597748908	41.90303393722076	8.462970819833283e-7
784	784	784	784	43.75568373955819	42.015725043702595	8.801545280347143e-7
792	792	792	792	44.31475510092853	42.29021360579291	9.27125892875618e-7
800	800	800	800	44.0558959179459	41.9236932284515	9.192866193722507e-7
808	808	808	808	43.93209387625064	41.68550345979435	9.691269501306107e-7
816	816	816	816	44.761796746164094	42.36316011929456	1.0683402560411568e-6
824	824	824	824	43.99681487270353	41.855408591982574	1.1041951483516611e-6
832	832	832	832	43.897587579749064	41.950350855865125	1.1139614680999273e-6
840	840	840	840	44.43051809517527	42.253345665162676	1.2066490731130828e-6
848	848	848	848	44.32120427171819	42.33511859782632	1.3123177800359725e-6
856	856	856	856	43.908295926486424	42.02243461648061	1.398190335008509e-6
864	864	864	864	44.735199366481	42.933941854117634	1.4540853617471634e-6
872	872	872	872	44.385638390495004	42.851235821445336	1.5289491818404984e-6
880	880	880	880	44.53271847557228	43.244454079395865	1.5610877778662703e-6
888	888	888	888	44.99054425531128	44.429436733043666	1.6513754313864464e-6
896	896	896	896	44.61833936818884	42.96649373851291	1.733489298957937e-6
904	904	904	904	44.98792519886171	44.98117310650281	1.7391959724514197e-6
912	912	912	912	45.60374688131505	44.921689078614044	1.7884187182096405e-6
920	920	920	920	45.09033616313283	44.37842637812931	1.8970325308679378e-6
928	928	928	928	44.93644227147778	43.73601064085152	1.9410585688018696e-6
936	936	936	936	45.38039105678647	44.15059978515757	1.9069993548667401e-6
944	944	944	944	45.01350709062529	43.87515599476658	1.9912852742889395e-6
952	952	952	952	44.74717584803649	43.39883104775374	2.0819540659537945e-6
960	960	960	960	45.25409103648303	43.69727466564666	2.1032158967080015e-6
968	968	968	968	44.82092219333036	42.03544535433241	2.1121311885270774e-6
976	976	976	976	44.936109530882284	41.85190651614165	2.1386800433917062e-6
984	984	984	984	45.33064818681302	42.16098519635575	2.309836201614713e-6
992	992	992	992	45.227320194323966	42.85896263217528	2.2660178728427055e-6
1000	1000	1000	1000	45.132829924005	43.313419880259836	2.2232587431706842e-6
1008	1008	1008	1008	45.85977398448286	44.228355970608824	2.3563985070885245e-6
1016	1016	1016	1016	45.14744386047088	43.50594646867339	2.4556078320444094e-6
1024	1024	1024	1024	44.18967273825732	41.56497489253171	2.544883200266688e-6
1032	1032	1032	1032	46.135771011922316	45.85517036236869	2.704673641912302e-6
1040	1040	1040	1040	45.961868427111455	45.48181027198864	2.8915932706826145e-6
1048	1048	1048	1048	45.6069697810425	44.806335888600316	2.8545740332909214e-6
1056	1056	1056	1056	46.20060061224102	45.124196047625276	3.1809005890193782e-6
1064	1064	1064	1064	45.7537842563756	44.17700709275508	3.2610400585816982e-6
1072	1072	1072	1072	45.696741933402734	43.98818231479932	3.488495185911282e-6
1080	1080	1080	1080	46.03820312159945	43.81949586875523	3.5269824073441348e-6
1088	1088	1088	1088	45.68970194903085	43.03634789064872	3.605557583030093e-6
1096	1096	1096	1096	45.35487180858122	42.70322070937611	3.850299734802437e-6
1104	1104	1104	1104	45.98299428734524	43.29473231625609	3.995956910349366e-6
1112	1112	1112	1112	45.58299022418638	42.89171474965203	4.008190776415313e-6
1120	1120	1120	1120	45.649295981111074	43.50238799322102	4.200198317448673e-6
1128	1128	1128	1128	46.07019154530034	44.213598028335745	4.446617358707545e-6
1136	1136	1136	1136	45.92509146543081	44.35492430249436	4.268317911015286e-6
1144	1144	1144	1144	45.758976945949804	44.13810663285542	4.387980842194866e-6
1152	1152	1152	1152	46.249358359892845	43.556519259243004	4.647681492563458e-6
1160	1160	1160	1160	46.30852826735111	44.43026338611706	4.67003437843198e-6
1168	1168	1168	1168	46.209722819218776	43.69325325412585	4.84626908010021e-6
1176	1176	1176	1176	46.43879520751327	43.391024477388314	4.734842503849076e-6
1184	1184	1184	1184	46.31392848988099	42.970403759820194	4.942425626856973e-6
1192	1192	1192	1192	46.185809754180404	42.87035013861573	5.018396067529649e-6
1200	1200	1200	1200	46.753797969898955	43.29446934387965	5.07303024282587e-6
1208	1208	1208	1208	46.1609476853709	42.64179116040038	5.2003985137149934e-6
1216	1216	1216	1216	45.973949860890464	42.77710918501115	5.265215187387414e-6
1224	1224	1224	1224	46.54184937658785	43.129023531436154	5.3844970196176346e-6
1232	1232	1232	1232	46.44150018634438	43.15187503664095	5.483242629126844e-6
1240	1240	1240	1240	46.246917701806716	42.95849221736081	5.535696147413957e-6
1248	1248	1248	1248	46.7187924673928	43.343463015528464	5.650605990016003e-6
1256	1256	1256	1256	44.09432617632504	42.95251667797437	5.734992158662062e-6
1264	1264	1264	1264	44.18572390964309	43.06059748151653	5.752909734098115e-6
1272	1272	1272	1272	44.535415860939054	43.37374461083777	5.960538982879376e-6
1280	1280	1280	1280	43.921940158934696	42.988200952834006	6.064845829833287e-6
1288	1288	1288	1288	44.38927304043499	43.10464652551679	6.1693326811090045e-6
1296	1296	1296	1296	44.928755100482185	43.59947635338135	6.382673708219424e-6
1304	1304	1304	1304	44.61554528609688	43.16616950663948	6.830813215843061e-6
1312	1312	1312	1312	44.6102147097986	43.41601480221705	7.278847373860223e-6
1320	1320	1320	1320	44.959516519744085	43.686227133610174	7.283909520359721e-6
1328	1328	1328	1328	44.916800119443685	43.614179985604586	7.759027622332188e-6
1336	1336	1336	1336	44.69344053316934	43.42012940134934	8.058924902475036e-6
1344	1344	1344	1344	45.12299007766649	43.8690028159637	8.646577742475791e-6
1352	1352	1352	1352	44.80097248967022	42.52990112427736	8.720782851537047e-6
1360	1360	1360	1360	44.987208980995376	42.69599934543537	8.880892053694331e-6
1368	1368	1368	1368	45.034647434775316	42.677136348963685	8.864775813196161e-6
1376	1376	1376	1376	44.96230549730823	42.87261329014452	9.622827936873649e-6
1384	1384	1384	1384	44.784539547968414	42.81741842492271	9.892216413366673e-6
1392	1392	1392	1392	45.35096969636338	43.334906408320265	1.0020983817298343e-5
1400	1400	1400	1400	44.93608443811238	42.9825869261828	9.680709992281491e-6
1408	1408	1408	1408	44.82440836902298	42.99312759928173	1.0638928201248698e-5
1416	1416	1416	1416	45.157424215532394	43.29137005187267	1.0351621216097554e-5
1424	1424	1424	1424	45.199427053974425	43.308960133090686	1.0696293897124913e-5
1432	1432	1432	1432	44.948012462343996	43.2071729626061	1.0922622306378612e-5
1440	1440	1440	1440	45.364767386161155	43.639078611161054	1.0987360874389296e-5
1448	1448	1448	1448	44.93051098175914	43.29220335912669	1.1169113659506787e-5
1456	1456	1456	1456	45.191168923498125	43.38911697423183	1.1677909877029208e-5
1464	1464	1464	1464	45.339918022190076	43.549900639267584	1.1813303772313758e-5
1472	1472	1472	1472	45.22589633742257	43.56026259830109	1.2188858387826936e-5
1480	1480	1480	1480	45.127437857570364	43.394512891659396	1.217070071711109e-5
1488	1488	1488	1488	45.63754005215006	43.767234473996375	1.2129142471019513e-5
1496	1496	1496	1496	45.33534782427588	43.477761210137224	1.243996202304778e-5
1504	1504	1504	1504	45.30084979671258	43.6041721579935	1.245808371187474e-5
1512	1512	1512	1512	45.63059378391505	43.842727961172365	1.2908259360353866e-5
1520	1520	1520	1520	45.6039367049629	43.968220656813465	1.3028421922431393e-5
1528	1528	1528	1528	45.364566784896134	43.66737270852206	1.2915963443745728e-5
1536	1536	1536	1536	45.03857123522293	43.705536845372116	1.3326037723692018e-5
1544	1544	1544	1544	45.56796973357487	42.909254882748606	1.3729817040863082e-5
1552	1552	1552	1552	45.6798269407801	43.15332954895562	1.3737286674977887e-5
1560	1560	1560	1560	45.81313414929137	43.110408912638626	1.3662211532929049e-5
1568	1568	1568	1568	45.54885910525269	43.202313091569756	1.4028127579347094e-5
1576	1576	1576	1576	45.42765756743944	42.94959655551438	1.4270894276772533e-5
1584	1584	1584	1584	45.96128647354391	43.57881709864622	1.437312588508743e-5
1592	1592	1592	1592	45.63160955024693	43.24726960770518	1.465059252863144e-5
1600	1600	1600	1600	45.662509219317464	43.351563798385484	1.46529869833815e-5
1608	1608	1608	1608	45.948924803685316	43.536755980783006	1.4688191823272833e-5
1616	1616	1616	1616	45.91908050349926	43.54462791192524	1.5745359764466362e-5
1624	1624	1624	1624	45.75425975382404	43.36853313663394	1.5615819735792543e-5
1632	1632	1632	1632	46.12241319319517	43.71818128404575	1.6587850561319844e-5
1640	1640	1640	1640	45.65644695471605	43.20646083001517	1.7486422187142842e-5
1648	1648	1648	1648	45.8867621033125	43.52731139286616	1.774687635442765e-5
1656	1656	1656	1656	46.0267633685352	43.647902424489054	1.8080752398500026e-5
1664	1664	1664	1664	45.89868852523932	43.64040866691821	1.864711092596495e-5
1672	1672	1672	1672	45.77563663137235	43.43380725516258	1.97720385339461e-5
1680	1680	1680	1680	46.35035817081622	43.81885074264728	2.0189968172136645e-5
1688	1688	1688	1688	45.94061878708348	43.60244559987279	2.0434485612263815e-5
1696	1696	1696	1696	45.92349244962444	43.741124712144234	2.124008819431976e-5
1704	1704	1704	1704	46.17217089508478	43.942714094033576	2.1207949086364345e-5
1712	1712	1712	1712	46.1833243392788	44.01302644596342	2.1999040041637314e-5
1720	1720	1720	1720	45.90810313682624	43.812597883540164	2.2355953455540583e-5
1728	1728	1728	1728	46.2335620017059	44.09043235213718	2.263501590560912e-5
1736	1736	1736	1736	46.05442834983969	43.006162361473855	2.4178482910361074e-5
1744	1744	1744	1744	46.131738101538836	43.16941177046497	2.398137162250874e-5
1752	1752	1752	1752	46.31080592653458	43.413743007742575	2.448764542123931e-5
1760	1760	1760	1760	46.18144085488782	43.358009596944555	2.5108416816215787e-5
1768	1768	1768	1768	46.110734092876044	43.326452596229664	2.5194228349694903e-5
1776	1776	1776	1776	46.416815551592414	43.65164969189571	2.5781403276013982e-5
1784	1784	1784	1784	46.207631335998094	43.41131942314979	2.6254814254328046e-5
1792	1792	1792	1792	45.77750376735549	43.16043010673331	2.678113035149194e-5
1800	1800	1800	1800	46.46175723858912	43.70028556285798	2.7479422015173647e-5
1808	1808	1808	1808	46.47854005583931	43.69069630054082	2.805106292118166e-5
1816	1816	1816	1816	46.246753878834745	43.51753471213385	2.751475910616544e-5
1824	1824	1824	1824	46.56135779896043	43.87830936660527	2.816116045614177e-5
1832	1832	1832	1832	46.28266784121393	43.65579712690422	2.937366242118081e-5
1840	1840	1840	1840	46.32907811987477	43.79925758847138	2.8772008488083363e-5
1848	1848	1848	1848	46.4965406122316	43.91702429030849	2.9576458976061577e-5
1856	1856	1856	1856	46.31233567590346	43.78362856087174	3.0427689529814257e-5
1864	1864	1864	1864	46.25282279406699	43.614120390672504	3.0351642618261184e-5
1872	1872	1872	1872	46.707906772377044	43.9628128616331	3.102511939186524e-5
1880	1880	1880	1880	44.74023813953446	43.55371930769431	3.15445440292479e-5
1888	1888	1888	1888	44.9009151707025	44.30072026432206	3.256727101967713e-5
1896	1896	1896	1896	45.19997049369401	45.0066971649555	3.1154989190680295e-5
1904	1904	1904	1904	45.29828377345888	45.65635076022927	3.175031505921858e-5
1912	1912	1912	1912	45.02335868257889	45.439828353541486	3.283182689532917e-5
1920	1920	1920	1920	45.319531258074996	44.03202439216166	3.2778002683021005e-5
1928	1928	1928	1928	45.29108851779395	45.78856283443015	3.33756739320647e-5
1936	1936	1936	1936	45.51558036824492	45.955601785296636	3.3742283641728746e-5
1944	1944	1944	1944	45.50045272983402	45.56011791674594	3.3896653682345546e-5
1952	1952	1952	1952	45.38709702542096	44.98681238774005	3.433610394773913e-5
1960	1960	1960	1960	45.24883671848592	44.775929507830085	3.54241691794955e-5
1968	1968	1968	1968	45.646217860232746	44.93232442696228	3.510511178754451e-5
1976	1976	1976	1976	45.30895486776152	44.37260761582828	3.504337477529153e-5
1984	1984	1984	1984	45.286660936797155	43.551023489205306	3.5501058823005235e-5
1992	1992	1992	1992	45.390178040580324	43.58134796562707	3.5674960855079e-5
2000	2000	2000	2000	45.354623678102996	43.55197957751863	3.604524055628499e-5
2008	2008	2008	2008	45.06353228135085	43.26420155817124	3.708477226651696e-5
2016	2016	2016	2016	45.56919306483378	44.77626968014943	3.72782144387964e-5
2024	2024	2024	2024	45.4296793377986	45.144789584584636	3.728488502945826e-5
2032	2032	2032	2032	45.581662445661856	45.7892828910301	3.6996579485191755e-5
2040	2040	2040	2040	45.55407644123094	45.18983307535074	3.882742819970492e-5
# Flush value 85563801600
