### Coordinate 1 = 9 runs
9	16	16	16	0.7746777219633239	0.7221846084405327	1.7520318360109786e-13
9	32	32	32	3.7762187443784856	3.5804195804195804	1.639614891002561e-12
9	48	48	48	9.00123372172721	8.355527278511213	6.495091318850291e-12
9	64	64	64	12.976932925373783	11.932636283821536	1.8370892463939667e-11
9	80	80	80	17.404323581086242	16.576450730458063	3.564476708973493e-11
9	96	96	96	21.987730061349694	20.948175087673725	9.058494177580529e-11
9	112	112	112	22.885851496121166	20.40565993345209	1.0889656221185407e-10
9	128	128	128	26.45648650719282	23.22264525740771	1.8406878575731415e-10
9	144	144	144	27.992694354006193	24.788033393364298	3.588161200150484e-10
9	160	160	160	26.39851605974812	25.754527162977872	4.022229393328672e-10
9	176	176	176	29.122250680977356	27.409832615469973	7.293399007840587e-10
9	192	192	192	31.51586710844757	28.62847174597164	7.917097832969998e-10
9	208	208	208	31.68395315049585	27.976262029527938	1.372516402340447e-9
9	224	224	224	33.2407600644855	28.969797439528595	1.6950326713920846e-9
9	240	240	240	34.92600772919097	31.05309537161131	2.137101226333275e-9
9	256	256	256	33.55132856541209	29.895828760833062	1.902242032621078e-9
9	272	272	272	36.010333947954386	32.10436716288838	2.9816870751943665e-9
9	288	288	288	37.614172669285296	33.41710047159542	3.026798367500305e-9
9	304	304	304	37.26646049114951	33.25862632949902	3.7033980993057755e-9
9	320	320	320	37.186548663188965	34.17093174455378	4.039460693694994e-9
9	336	336	336	39.0337842780992	35.36949700169769	6.601888164299459e-9
9	352	352	352	38.34187516206387	35.30355862406447	7.970837302796398e-9
9	368	368	368	39.746679268138884	36.57728447511566	7.736146322375233e-9
9	384	384	384	40.68838461373732	37.55776746284095	1.1243574756802653e-8
9	400	400	400	40.44078227947213	36.05957654794025	9.889137270671922e-9
9	416	416	416	41.055251613349796	36.44483843722182	1.0860994262332657e-8
9	432	432	432	41.69988371827903	37.271698394328446	1.6157842774779976e-8
9	448	448	448	41.026010233050364	37.255413092886364	1.8392147177952805e-8
9	464	464	464	42.29132192192417	38.15165501780298	1.8273868477296627e-8
9	480	480	480	42.11602901398216	38.54285421546218	1.933475909012062e-8
9	496	496	496	41.90044948234911	38.74434449818063	2.414264045062609e-8
9	512	512	512	40.86874884981201	36.558041840303076	2.6522261772115048e-8
9	528	528	528	43.34377926454811	39.93600614617574	2.6992292601968046e-8
9	544	544	544	42.94892007429139	39.7750486455797	3.70193401618894e-8
9	560	560	560	43.39088561946674	40.56369123807092	3.938074132775138e-8
9	576	576	576	43.80967192454015	41.04155477043758	5.404881435836445e-8
9	592	592	592	43.580588729071614	39.71633000878787	3.6547736954593253e-8
9	608	608	608	44.04444172377656	40.19460671147563	5.807152862891516e-8
9	624	624	624	44.711828983586194	40.93930568534363	5.0600907605909274e-8
9	640	640	640	40.03293529614847	40.44843019304994	3.587707930106339e-8
9	656	656	656	40.97118450498364	41.0242889341332	6.398396207883085e-8
9	672	672	672	41.55564179704687	41.45454589570565	6.041405625725856e-8
9	688	688	688	41.49695436685187	41.392108518534314	7.242792135187827e-8
9	704	704	704	41.796358341814845	41.57201545053078	9.835048602852289e-8
9	720	720	720	42.721985520718626	42.367772099858556	1.1032143902004397e-7
9	736	736	736	42.459708291428285	41.921453846108705	9.570444061357624e-8
9	752	752	752	42.78985466861663	42.446652041665224	1.0133885226201597e-7
9	768	768	768	41.868388896098494	41.58808271077712	1.2031015203859764e-7
9	784	784	784	42.477815568490726	41.451495498244434	1.1194481850651443e-7
9	800	800	800	42.743097030281014	41.60874838078595	1.1506263324231283e-7
9	816	816	816	43.44645510744458	42.146897648930526	1.1967404487884797e-7
9	832	832	832	42.614577402547475	41.44230339780962	1.3207717166271684e-7
9	848	848	848	43.60887880981084	42.04588783126194	1.9670097205704578e-7
9	864	864	864	43.870408109479754	42.334802620922275	1.8401576631111604e-7
9	880	880	880	43.679091392753804	42.54792532684646	1.5717016987300655e-7
9	896	896	896	43.36951028405133	41.52675190333011	2.3992720526612725e-7
9	912	912	912	44.36206267466556	43.37239187345124	2.515605541487654e-7
9	928	928	928	44.1613641987526	42.4922772876813	2.088821793925194e-7
9	944	944	944	43.95585019126236	42.58776176160796	2.1950781140709273e-7
9	960	960	960	44.007354645095354	42.1353794797543	3.6765425775871655e-7
9	976	976	976	44.2022817503548	41.046525964967806	2.3240557254079314e-7
9	992	992	992	44.633511008329656	41.47507142469329	2.2879470188593996e-7
9	1008	1008	1008	44.86964985647265	42.51083731351601	2.579881205138681e-7
9	1024	1024	1024	43.699647374288965	40.2653500821651	2.504547881181778e-7
9	1040	1040	1040	45.21701647932623	42.49189353447439	2.653076323086747e-7
9	1056	1056	1056	45.60467219664639	42.02564618571083	3.95372484964776e-7
9	1072	1072	1072	45.328899308314135	41.199139309403606	3.8426509375058493e-7
9	1088	1088	1088	45.53014066507978	40.47965041107008	3.731246002182041e-7
9	1104	1104	1104	45.39302816570674	40.6694510408035	4.3418414248029783e-7
9	1120	1120	1120	45.31926339480073	40.90778805338166	4.4628915583705714e-7
9	1136	1136	1136	45.62053768721375	41.85428077480239	3.956531896397994e-7
9	1152	1152	1152	45.82890442934123	40.93786020567906	4.164334718132651e-7
9	1168	1168	1168	45.71139046690925	41.30772887397226	6.733610348519685e-7
9	1184	1184	1184	45.923994731911215	40.6478426512143	4.7450313949855144e-7
9	1200	1200	1200	46.278456721285536	40.617209120674374	5.051032083236663e-7
9	1216	1216	1216	46.004768653314315	40.405720047528014	4.980199029168011e-7
9	1232	1232	1232	46.24974951279712	40.61336855680625	5.575503985246929e-7
9	1248	1248	1248	46.5170345389569	40.82201415880556	5.543552409928523e-7
9	1264	1264	1264	44.10574595142304	40.73657195034725	5.45472062162254e-7
9	1280	1280	1280	44.00843969430322	40.80549114741166	6.722058992767311e-7
9	1296	1296	1296	44.619734989703	41.292103852699	7.257339752844525e-7
9	1312	1312	1312	44.40586735892492	41.128906262541086	6.664001874625056e-7
9	1328	1328	1328	44.65211647586104	41.299866964089375	7.372687385590661e-7
9	1344	1344	1344	44.89103745810578	41.63431771972419	7.918673906079783e-7
9	1360	1360	1360	44.769582470156934	40.46484976877439	9.433741445150622e-7
9	1376	1376	1376	44.9975246285156	40.671717455084135	1.0418032582371553e-6
9	1392	1392	1392	45.21628164211819	41.02612002114215	1.0933838086035335e-6
9	1408	1408	1408	44.670897642380794	40.818271510766515	1.0913511171102855e-6
9	1424	1424	1424	44.97819551963275	41.175586110828	1.0293672108155812e-6
9	1440	1440	1440	45.19351402618295	41.39933345567208	9.852811846027697e-7
9	1456	1456	1456	45.07767875603449	41.30974575576534	1.273853199074418e-6
9	1472	1472	1472	45.2886795374485	41.6030379147779	1.1649620703275243e-6
9	1488	1488	1488	45.53745326375222	41.69849843070817	1.3264544656436375e-6
9	1504	1504	1504	45.36791629004011	41.63852257377403	9.56928393721719e-7
9	1520	1520	1520	45.59582284834354	41.95724932835294	1.1786055525115245e-6
### Coordinate 2 = 9 runs
16	9	16	16	0.573526666251789	0.5404010789257653	1.18896540830928e-13
32	9	32	32	1.819635717458907	1.7068247059912955	7.454944493817948e-13
48	9	48	48	3.051318838980245	2.9446180062482252	2.438311024607994e-12
64	9	64	64	4.164482602801627	4.047430830039526	6.760305380939147e-12
80	9	80	80	5.054294175715697	4.945373371396681	9.806107597272705e-12
96	9	96	96	5.642544941240498	5.551714328742825	2.3681816976552975e-11
112	9	112	112	6.220336648392518	6.16715830875123	2.6609520934157978e-11
128	9	128	128	6.342875578019142	6.266656750353269	4.572868452660818e-11
144	9	144	144	6.316227673094334	6.164446683237405	5.1865126549758325e-11
160	9	160	160	6.2257229904547025	6.2876947848156535	7.794109582620349e-11
176	9	176	176	6.8477107486736095	6.883343106694237	1.2369127944111824e-10
192	9	192	192	6.576430769535722	6.527201097782303	1.4451524523640695e-10
208	9	208	208	7.15679192743514	6.958517068986315	1.511841747209848e-10
224	9	224	224	6.988436018957347	6.770983896602393	2.626409062618047e-10
240	9	240	240	7.519527708676323	7.384142042176784	2.652483255014258e-10
256	9	256	256	6.28167334071739	6.248681690931676	3.361933355961205e-10
272	9	272	272	7.728985902577466	7.659636146116725	3.9370932087967763e-10
288	9	288	288	7.405677551202622	7.317655592914628	4.702430635241479e-10
304	9	304	304	7.723466786763921	7.744015045889498	4.717043219346882e-10
320	9	320	320	7.218144045677318	7.338996581744486	6.056551871488557e-10
336	9	336	336	7.828945239361087	7.726296458940476	9.304126353902847e-10
352	9	352	352	7.83552326480136	7.76567918773242	7.297752843075335e-10
368	9	368	368	8.048004780668666	8.193652154183578	8.842010010827398e-10
384	9	384	384	6.835888434887084	6.7877957120553205	1.2161954136333609e-9
400	9	400	400	8.006115782889708	7.9440167486353115	1.289138721206115e-9
416	9	416	416	7.825876577575844	7.826083024101259	1.2997719851184291e-9
432	9	432	432	8.182611385686412	8.245314927677455	1.3508222409416334e-9
448	9	448	448	7.410601630152174	7.328433067967093	1.7252460046763218e-9
464	9	464	464	8.211232226835426	8.256472260068582	2.0353963115375796e-9
480	9	480	480	7.87821740893803	7.7477352931835535	2.6172419537454934e-9
496	9	496	496	8.156165304477955	8.035850482654999	2.429777694021096e-9
512	9	512	512	6.205513771276995	5.92474955127348	2.7783108624357423e-9
528	9	528	528	8.405470301362383	8.490825781212987	2.778005972353899e-9
544	9	544	544	7.960916121800859	7.919962532616696	3.3287963314058066e-9
560	9	560	560	8.323153267193007	8.38853442133037	3.250130441260532e-9
576	9	576	576	7.557200353565488	7.501770248890022	3.1116609101995525e-9
592	9	592	592	8.2555680751911	8.148214835820953	4.0183316281149225e-9
608	9	608	608	8.033258461150272	8.003517050296587	5.8979614340753035e-9
624	9	624	624	8.500664344845612	8.55001509629607	3.936017353274901e-9
640	9	640	640	7.10659066691278	6.970823951428879	4.158590107727744e-9
656	9	656	656	8.318882059152191	8.463369331019925	5.228979206056266e-9
672	9	672	672	7.933947798146064	7.902362198600453	7.425755508111949e-9
688	9	688	688	8.468294059854184	8.553804173499769	6.839585923940169e-9
704	9	704	704	7.733872788973813	7.745859140670482	4.495011003746718e-9
720	9	720	720	8.48855397930533	8.587200642714862	7.221269719707452e-9
736	9	736	736	8.210908717323406	8.108260622805432	7.558483857653467e-9
752	9	752	752	8.510655802467898	8.650708139460768	7.984427828100625e-9
768	9	768	768	7.411923633010076	7.704653889235412	7.906606075880875e-9
784	9	784	784	8.459590684501643	8.599086292364682	9.543571593086123e-9
800	9	800	800	8.25482176177387	8.1885731731112	1.003031332227846e-8
816	9	816	816	8.47872273822649	8.562638731815282	9.711612873816164e-9
832	9	832	832	8.307203046588889	8.273615600572645	1.0035885296879112e-8
848	9	848	848	8.598748239992746	8.553331480886149	9.798097480725654e-9
864	9	864	864	8.244722999261855	8.073189620935972	1.0555345837538515e-8
880	9	880	880	8.563287803187889	8.67370019258711	1.222291582384144e-8
896	9	896	896	7.780179737823119	7.6842656332131645	1.1517617980094256e-8
912	9	912	912	8.416334265490137	8.581030178115764	1.204968877965498e-8
928	9	928	928	8.29005683823671	8.243236797247098	1.3865402048711536e-8
944	9	944	944	8.349001413929482	8.505237282334441	1.1900726738847003e-8
960	9	960	960	8.079255485853341	7.940830549373854	1.9253630184979405e-8
976	9	976	976	8.435474872703121	8.47828653877153	1.889482000105639e-8
992	9	992	992	8.514278586554399	8.21251371792833	1.8446594586388448e-8
1008	9	1008	1008	8.575708519299404	8.520720777382936	2.214065174655355e-8
1024	9	1024	1024	7.474966143705145	7.5062484900004485	2.230014420278014e-8
1040	9	1040	1040	8.437925416623868	8.556302025753553	2.2941499343023158e-8
1056	9	1056	1056	8.347557036242568	8.315945859727476	2.433163776414793e-8
1072	9	1072	1072	8.519631616438254	8.710316547962233	2.338325700392475e-8
1088	9	1088	1088	8.014402866129737	7.790928910498473	2.3570006219379165e-8
1104	9	1104	1104	8.518224810716365	8.552856323888047	2.6106379261620026e-8
1120	9	1120	1120	8.314922076145363	8.2832289669424	2.5444139251415185e-8
1136	9	1136	1136	8.449105792014736	8.544922691182617	2.762945438561977e-8
1152	9	1152	1152	7.923634436151179	7.814828657949417	2.3290630132068346e-8
1168	9	1168	1168	8.446149845702156	8.50843332040346	2.8776492390319502e-8
1184	9	1184	1184	8.310532844649101	8.221439974977356	2.61019663088797e-8
1200	9	1200	1200	8.529811890004916	8.648179736667599	3.251407204287318e-8
1216	9	1216	1216	8.253667522036762	8.031942107796466	3.873115187870022e-8
1232	9	1232	1232	8.585958080619127	8.739226480457292	3.025230832266071e-8
1248	9	1248	1248	8.468357091592742	8.392716452046983	3.4162888945450404e-8
1264	9	1264	1264	8.548006378637213	8.696676979631015	4.282185346671409e-8
1280	9	1280	1280	7.784421733252791	7.526038612953165	4.472106368899767e-8
1296	9	1296	1296	8.413730707690013	8.510036623479053	3.898227501000529e-8
1312	9	1312	1312	8.217839289775572	8.256004911365206	4.595560261583471e-8
1328	9	1328	1328	8.557044244467015	8.802381351808128	3.551545093255159e-8
1344	9	1344	1344	8.092990851528784	7.821723473351055	5.433141858002291e-8
1360	9	1360	1360	8.69546253345245	8.819426112656904	5.287255319668821e-8
1376	9	1376	1376	8.36518409310672	8.312098611266931	6.056372156444574e-8
1392	9	1392	1392	8.655250891694566	8.680224091350786	3.862077205005903e-8
1408	9	1408	1408	8.253398387221745	8.545790017373283	4.531951439995706e-8
1424	9	1424	1424	8.48515903701032	8.734329462546325	6.063126335594513e-8
1440	9	1440	1440	8.642567762899	8.627451252327777	6.16390271909036e-8
1456	9	1456	1456	8.507338023509142	8.722968468237298	5.866130986648476e-8
1472	9	1472	1472	7.766577209834982	7.864949592436183	5.908166470594499e-8
1488	9	1488	1488	8.562377467106588	8.73402022815848	6.802162296872325e-8
1504	9	1504	1504	8.306643462252074	8.286264437542439	7.13457831942589e-8
1520	9	1520	1520	8.652805432971094	8.781423178331167	6.478259009460424e-8
### Coordinate 3 = 9 runs
16	16	9	16	0.5595628415300546	0.5381920112123335	1.3101760682293512e-13
32	32	9	32	1.8164079822616408	1.7404277418441056	7.008127344043915e-13
48	48	9	48	3.432686338616894	3.300071616137503	2.3656698484370296e-12
64	64	9	64	4.375548961424332	4.193498848221141	6.147504716225637e-12
80	80	9	80	5.149754135002235	5.235768662651971	1.0459189070388675e-11
96	96	9	96	6.668194151341574	6.328945862424173	1.839901262805498e-11
112	112	9	112	6.902632142092875	6.653171270718232	2.7151882456615895e-11
128	128	9	128	7.363595505617978	7.157623930586737	4.42485763602968e-11
144	144	9	144	7.974617825209114	7.543945105251988	7.266856975707261e-11
160	160	9	160	7.1481202832566755	7.106505043027667	8.400895777417091e-11
176	176	9	176	7.645458534444932	7.463197205156005	1.0679497313020471e-10
192	192	9	192	8.105342877384995	7.927978732937065	1.3469122166835152e-10
208	208	9	208	7.642766011737688	7.3932736809626665	2.0667754312512607e-10
224	224	9	224	7.770757959673568	7.554856626626962	2.0298650367078944e-10
240	240	9	240	8.035371756071287	7.7877302687172545	2.6166907036310084e-10
256	256	9	256	7.597520408327563	7.466079328611844	3.142379875255858e-10
272	272	9	272	8.011237408297514	7.6728537146775055	4.2043452305933653e-10
288	288	9	288	8.366608479292113	8.057574457406073	4.552709184332857e-10
304	304	9	304	8.228510374131572	7.9181664564343	5.501533375847165e-10
320	320	9	320	8.042498881895433	7.8680127206368855	6.104979374917601e-10
336	336	9	336	8.275383506472881	8.117747866329246	6.18306579932082e-10
352	352	9	352	8.275469009736405	8.031083343836086	7.981529838784285e-10
368	368	9	368	8.348626618261525	8.139154475290866	9.267068195483692e-10
384	384	9	384	8.36819703762556	8.131764705882352	1.2719822358720739e-9
400	400	9	400	8.549710779315044	8.205923080868233	1.3224841085633203e-9
416	416	9	416	8.663027184871028	8.296577237872778	1.2647196692434808e-9
432	432	9	432	8.841224263128666	8.51797043385653	1.4744005967066612e-9
448	448	9	448	8.870285161486748	8.542554675658483	1.623419254481895e-9
464	464	9	464	8.802992082520783	8.509069351279546	1.850726743865657e-9
480	480	9	480	8.903162649309163	8.771434463285797	2.023082598692594e-9
496	496	9	496	8.873933413757308	8.758125906682977	2.082958116255183e-9
512	512	9	512	7.966665090867342	7.778554949552064	2.589464147019969e-9
528	528	9	528	8.97085431268039	8.722395702516975	2.6501370948911746e-9
544	544	9	544	8.864701687702976	8.664711479809686	2.8496127995027963e-9
560	560	9	560	8.779641087376467	8.56313927161435	3.124157590649246e-9
576	576	9	576	8.89732341392665	8.673882352941177	3.2181125414759354e-9
592	592	9	592	8.858558149299379	8.605693519079345	3.868483728006642e-9
608	608	9	608	8.80281628651826	8.537428180644763	3.880289410875898e-9
624	624	9	624	8.935247588748277	8.690690336944344	4.0266493113185085e-9
640	640	9	640	8.509631448979203	8.35631296731395	4.521034400465619e-9
656	656	9	656	8.781715190085091	8.57669204817356	5.103408745183168e-9
672	672	9	672	8.872328058989407	8.682100064299888	6.530454681324505e-9
688	688	9	688	8.74889242236688	8.609615774239133	5.403093007120374e-9
704	704	9	704	8.864668815324865	8.593073209448916	5.952089110316471e-9
720	720	9	720	8.962444694276346	8.709644901266051	7.458931899039179e-9
736	736	9	736	8.938132224026049	8.665399068897745	6.775819274451234e-9
752	752	9	752	8.947325072857467	8.66448530988999	7.248022518015446e-9
768	768	9	768	8.696458330346958	8.496357760181565	8.130146052204314e-9
784	784	9	784	9.04903568108793	8.730805743303229	8.817788237035889e-9
800	800	9	800	9.03867209980828	8.696489132219472	9.708734234510338e-9
816	816	9	816	9.085870493038572	8.763761598701384	1.1732598406028313e-8
832	832	9	832	9.080553999824366	8.74680077457425	1.2184811408496575e-8
848	848	9	848	9.097627206560139	8.801026433937594	1.0841909299344628e-8
864	864	9	864	9.244513427216868	8.901669709649125	1.1084662931084623e-8
880	880	9	880	9.24550308803597	8.862983696960121	1.2624455327752635e-8
896	896	9	896	9.111812697794162	8.754851592640701	1.6021467018809013e-8
912	912	9	912	9.703957641010284	9.295739072934033	1.2649356418499396e-8
928	928	9	928	9.57242190182367	9.188219565635528	1.661777748367074e-8
944	944	9	944	9.314529040020581	9.183652753115211	1.5011737693686875e-8
960	960	9	960	9.372012772621574	8.953754479899823	1.7102060597685588e-8
976	976	9	976	9.326988912131217	8.989951404656313	1.686912845684863e-8
992	992	9	992	9.25651289619291	8.967942147574112	1.653287143883567e-8
1008	1008	9	1008	9.340151773013064	9.087215225691628	1.915671071705076e-8
1024	1024	9	1024	8.683697405224333	8.43583367152289	2.0032464812239586e-8
1040	1040	9	1040	9.70752955818295	9.648090593572547	2.208812007364697e-8
1056	1056	9	1056	9.64305263638307	9.757821164889254	2.0961709357552042e-8
1072	1072	9	1072	9.467451634798504	9.49064519126103	2.3618184299645114e-8
1088	1088	9	1088	9.281821846925288	9.015834437002027	2.266932458700464e-8
1104	1104	9	1104	9.360407035658286	9.218350572903908	2.452511944878287e-8
1120	1120	9	1120	9.361023264915566	9.17421239866819	2.717250572903459e-8
1136	1136	9	1136	9.388966707240892	9.153088630259623	2.5255552148721682e-8
1152	1152	9	1152	9.394011442917348	9.105124385211184	2.604596083057329e-8
1168	1168	9	1168	9.952673389319413	9.573449501640146	2.7770239988616615e-8
1184	1184	9	1184	9.674915370302136	9.39510053782758	2.7501626052397118e-8
1200	1200	9	1200	9.565678699111983	9.281515121403615	2.998869762350814e-8
1216	1216	9	1216	9.405706721192075	9.11626559227126	3.0600902796818974e-8
1232	1232	9	1232	9.485709980471906	9.220852261605028	3.333347985958331e-8
1248	1248	9	1248	9.5830362747841	9.197580650452808	3.4827400022631165e-8
1264	1264	9	1264	9.544952939081597	9.228379425179876	3.684020753722169e-8
1280	1280	9	1280	9.418111194657476	8.956058789927472	4.0081501138003343e-8
1296	1296	9	1296	9.668018548036237	9.178618220170527	3.6737980875572725e-8
1312	1312	9	1312	9.622101629247355	9.174294073920652	3.894936391253902e-8
1328	1328	9	1328	9.638939424050472	9.128907650239988	5.299586166220631e-8
1344	1344	9	1344	9.721566947797557	9.193346271029705	4.109300085477825e-8
1360	1360	9	1360	9.579140234414563	9.271216671748837	4.419399165689494e-8
1376	1376	9	1376	9.646074591798813	9.240302645627738	4.323759713509477e-8
1392	1392	9	1392	9.686805091314886	9.24877946332185	4.770330004072583e-8
1408	1408	9	1408	9.573921757222829	9.259491150778313	4.640245947260266e-8
1424	1424	9	1424	9.615131754421943	9.397869719921351	5.3394798250772764e-8
1440	1440	9	1440	9.658809929905	9.294354853770937	5.1645647150422094e-8
1456	1456	9	1456	9.659363746143953	9.409454568050831	5.4915126088526384e-8
1472	1472	9	1472	9.701470091116745	9.429920144990469	6.350775913050204e-8
1488	1488	9	1488	9.71171163268081	9.369552767660926	6.100107321817354e-8
1504	1504	9	1504	9.778565193756087	9.382949819456234	6.13773771111579e-8
1520	1520	9	1520	9.693501338919067	9.408099314954217	6.055076931565275e-8
### Coordinate 4 = 9 runs
16	16	16	9	0.7756635559326144	0.7394569612940497	1.163208590337554e-13
32	32	32	9	3.92814371257485	3.633248236770369	9.646648066153113e-13
48	48	48	9	9.840989134507305	8.786538654534505	3.30474946480277e-12
64	64	64	9	13.671437062777192	12.32184286979993	1.000444171950221e-11
80	80	80	9	17.829530159326385	16.39868142624768	1.2100040017367128e-11
96	96	96	9	21.466552791241945	20.88037286380114	2.3611855769099148e-11
112	112	112	9	23.698596343310378	22.020586848500237	3.155828666949214e-11
128	128	128	9	26.295782567947516	23.244048173806785	5.2191050546402304e-11
144	144	144	9	28.371567693731638	24.929931400821935	7.519711874408817e-11
160	160	160	9	28.93003537349462	24.4359660096978	9.116748759800734e-11
176	176	176	9	30.34916667108002	25.756772852407437	1.339151809174361e-10
192	192	192	9	32.53555691675394	27.249576619465024	1.72564486647482e-10
208	208	208	9	31.26917376374313	26.042660608355423	2.169407018791473e-10
224	224	224	9	32.11374261777229	27.276086487369273	2.6043964795965353e-10
240	240	240	9	34.202236366107776	29.32793222577911	3.3388242959542876e-10
256	256	256	9	33.21489703922015	29.007311522642336	4.421005005413699e-10
272	272	272	9	34.87329235889316	30.49298014022119	5.390104831153334e-10
288	288	288	9	36.35744409539812	31.718342646718	5.841193876818957e-10
304	304	304	9	35.90625909644137	31.64903804071915	6.696648460326618e-10
320	320	320	9	36.38843959355499	31.68105292557168	7.555443513720389e-10
336	336	336	9	38.14709637232015	33.43184577571145	8.547005191572254e-10
352	352	352	9	37.44032959357018	33.13018472219085	9.689871113855911e-10
368	368	368	9	38.226809835748895	33.79252696774791	1.2431458531747073e-9
384	384	384	9	38.46373155265812	34.39881708858242	1.3392506359195731e-9
400	400	400	9	37.50043336954058	33.65500330172863	1.5799386366433422e-9
416	416	416	9	38.03717722821075	33.866924529170696	1.7745581815355267e-9
432	432	432	9	38.97194344556271	34.90091928462202	1.920797688462509e-9
448	448	448	9	38.12367391073484	34.52488543521069	2.1233832386629222e-9
464	464	464	9	39.45534999936072	35.62700088092287	2.1378937727081306e-9
480	480	480	9	40.1085647073566	36.51830532498656	2.514788210254975e-9
496	496	496	9	40.3705543855727	37.22346528732381	2.9892056738514354e-9
512	512	512	9	40.428119971535715	36.83172915764933	3.279447717419482e-9
528	528	528	9	42.40075247191612	37.96211269427095	4.407957438209493e-9
544	544	544	9	42.07385392674047	37.7234808040909	4.103743298174241e-9
560	560	560	9	43.230220918488115	38.035955213774585	4.830271476026964e-9
576	576	576	9	43.18922864790332	39.30888577172329	4.895589570476719e-9
592	592	592	9	42.76395208616751	38.30004628651837	4.697722470278927e-9
608	608	608	9	42.31217662862301	38.91341738712141	5.5723765857482566e-9
624	624	624	9	43.04872614374073	39.38104424513502	5.6817356226558005e-9
640	640	640	9	39.2864022891688	39.16457287357595	5.649067736167249e-9
656	656	656	9	40.33587027501835	39.780981341377384	6.020062431671494e-9
672	672	672	9	41.198241702594544	39.96499834761781	6.70784892428979e-9
688	688	688	9	40.92544328712713	39.795293064414984	7.207709189052233e-9
704	704	704	9	41.51047217438302	40.05027027121985	7.695308142527019e-9
720	720	720	9	41.94211763225234	40.72813113318094	8.461760401789956e-9
736	736	736	9	41.086265949092	40.02217484448354	9.967456468395104e-9
752	752	752	9	41.49396761386558	40.48099924018502	1.0189333756966355e-8
768	768	768	9	41.65346307567868	39.978202965950075	1.1159184368650704e-8
784	784	784	9	41.92557148083162	39.501124340899594	1.2402876586370921e-8
800	800	800	9	42.13693747817152	39.73883016976652	1.2217786639179776e-8
816	816	816	9	43.17692771124583	40.14495796492336	1.2776283236186912e-8
832	832	832	9	42.30494537916008	39.797288268052085	1.5218492852508386e-8
848	848	848	9	42.62063162856697	40.108725269099544	1.404711384094871e-8
864	864	864	9	43.05837817459162	40.774002732778065	1.5215375677641232e-8
880	880	880	9	43.42765693277904	41.41831966452948	1.708640254308218e-8
896	896	896	9	43.00791428967358	39.81758897102815	1.6725665231128573e-8
912	912	912	9	44.256295499754884	42.48862901917669	1.899523874215291e-8
928	928	928	9	43.38716436259056	41.441782939354574	1.6880522736328802e-8
944	944	944	9	43.62553782083646	41.289099234818224	1.7307654256495242e-8
960	960	960	9	43.763149937836886	40.77299217712537	1.962763706966307e-8
976	976	976	9	43.566018846143805	39.64781130717316	1.9632383558468082e-8
992	992	992	9	43.86325804479694	40.535369313926466	2.3181050232246105e-8
1008	1008	1008	9	44.99059339365607	42.07000135084927	2.425297473770379e-8
1024	1024	1024	9	42.4122226469487	39.15053716647846	2.5077168203286125e-8
1040	1040	1040	9	45.346249638850146	42.65138782984952	2.6713448249950866e-8
1056	1056	1056	9	45.119708934869536	42.33602097458844	2.764759730350167e-8
1072	1072	1072	9	44.532668207026084	41.011197389371596	3.01915455714018e-8
1088	1088	1088	9	44.370626353729556	40.157195552921905	3.046035315223352e-8
1104	1104	1104	9	44.61104516036358	40.34962083170191	3.1630066506224034e-8
1120	1120	1120	9	44.4828807662695	40.775600911505606	3.3918638390694296e-8
1136	1136	1136	9	45.216799238729216	41.88998006295299	3.577948735186488e-8
1152	1152	1152	9	44.811938652951625	40.597914401847774	3.923438150357111e-8
1168	1168	1168	9	45.525757556855744	41.258414340468526	3.848314442687108e-8
1184	1184	1184	9	45.18043561658243	40.23528463022298	3.9698307524924295e-8
1200	1200	1200	9	45.53820727679083	40.39429074719786	4.269999111172878e-8
1216	1216	1216	9	44.747835878797105	40.10626150968649	4.552226125592854e-8
1232	1232	1232	9	45.05367221222986	40.40810006225262	4.431984968264207e-8
1248	1248	1248	9	45.30181534796301	40.543178824194456	4.358832796215567e-8
1264	1264	1264	9	42.89882220690316	40.486625078503955	4.6366485043556524e-8
1280	1280	1280	9	42.397563563694426	40.35402784205611	4.5477582518271486e-8
1296	1296	1296	9	43.32892341042034	40.91740188459276	4.8232484919420714e-8
1312	1312	1312	9	43.29332471717202	40.78008764876012	4.799940800737914e-8
1328	1328	1328	9	43.51949542370222	41.08227742878605	5.280509683972308e-8
1344	1344	1344	9	43.75325163121658	41.39760083647128	5.266143301213942e-8
1360	1360	1360	9	43.657287189332	40.20321011714467	5.521670878680191e-8
1376	1376	1376	9	43.861715937504655	40.360079230137394	5.786743233360555e-8
1392	1392	1392	9	44.186050108418435	40.67397202308075	6.07754881611297e-8
1408	1408	1408	9	43.715438672091516	40.5271720503741	6.323784865967658e-8
1424	1424	1424	9	44.23359328775326	40.9059132591134	7.240845852319604e-8
1440	1440	1440	9	44.398036509942656	41.12532796004989	6.924784168894734e-8
1456	1456	1456	9	43.984051738068295	41.02991390063528	7.341885276239463e-8
1472	1472	1472	9	44.117174488613614	41.32499253714654	7.68390510788903e-8
1488	1488	1488	9	44.401831825267415	41.36216104027725	8.466171715830624e-8
1504	1504	1504	9	44.2667705412416	41.286378389985394	8.585517514960047e-8
1520	1520	1520	9	44.553198627758064	41.643613232883375	8.418719505748108e-8
# Flush value 127506841600
