16	16	16	16	0.9365496741740025	0.9912875121006774	2.9123585721775947e-13
32	32	32	32	5.0215309171710985	5.427636755145141	2.794014500851633e-12
48	48	48	48	11.418895198760971	12.460368429947609	1.580533280228589e-11
64	64	64	64	15.613335517205439	16.45263835061899	4.1717957869622167e-11
80	80	80	80	20.19803542546057	21.68940099974583	1.1601673554907011e-10
96	96	96	96	24.879915073712922	26.08474913577699	2.1547156058602337e-10
112	112	112	112	24.660189743994806	26.33873726934848	4.370422515110464e-10
128	128	128	128	28.525112385149516	28.15895160153339	6.429246287552675e-10
144	144	144	144	30.278746457235858	30.332496120802404	1.2575414555885538e-9
160	160	160	160	30.020081792996294	30.029160396845324	1.877140660839749e-9
176	176	176	176	31.928082728288288	32.20414914229006	2.7720539131645713e-9
192	192	192	192	34.55038392634862	34.30588851136843	3.3845640160391646e-9
208	208	208	208	32.76773153428876	33.31696408737505	5.392932715779389e-9
224	224	224	224	34.009443853552185	35.02594826551902	7.226194512489482e-9
240	240	240	240	35.57447279385321	36.67261783174208	8.290863509646085e-9
256	256	256	256	35.207346503653525	35.117512480507386	1.0904580380158959e-8
272	272	272	272	36.27868044898447	37.5684232290199	1.5065779927034656e-8
288	288	288	288	37.893167914682806	38.97920855693506	1.8039492289738206e-8
304	304	304	304	37.38828498015602	38.62020881016696	2.1439391573112087e-8
320	320	320	320	38.18308725082471	38.610866611757416	2.6344867065836482e-8
336	336	336	336	39.27718001591462	39.82629867317611	3.5922380568278703e-8
352	352	352	352	39.062437893268005	39.29653996759992	4.221881537379003e-8
368	368	368	368	39.88113291761837	40.25331723557073	4.8410860517498205e-8
384	384	384	384	40.67813092007854	40.77488485435048	5.6020814064743304e-8
400	400	400	400	39.41674913133029	40.42457808030942	5.83471920627247e-8
416	416	416	416	40.723648295770886	42.1248999229811	7.12796480119085e-8
432	432	432	432	41.47924926694365	43.123751714827144	9.036708893817936e-8
448	448	448	448	40.6097886710407	40.9753013407772	1.0678578917315516e-7
464	464	464	464	41.28544727813596	41.90608717830508	1.2188945487614327e-7
480	480	480	480	42.424741704878706	42.664934226725556	1.3783888736723022e-7
496	496	496	496	42.05678188969722	42.59114759579994	1.4060503580586892e-7
512	512	512	512	41.60647288888021	42.630547502285495	1.5335464180720965e-7
528	528	528	528	43.587180719273995	44.54706646903675	2.0597183625070878e-7
544	544	544	544	43.34234582650455	44.091954608528205	2.2745635393967848e-7
560	560	560	560	43.88523906030172	44.55814419043979	2.5544736888906014e-7
576	576	576	576	44.24306520720845	45.10354234896464	2.8486902991760096e-7
592	592	592	592	43.064315372613784	44.52865481462579	3.0358258980332816e-7
608	608	608	608	43.28418198345325	44.89905724863872	3.586982578898311e-7
624	624	624	624	43.80739777342265	45.5324244112536	3.671490466067613e-7
640	640	640	640	39.97361360893672	40.80064638170022	3.7083482689006627e-7
656	656	656	656	40.52579318302756	41.56947217855262	4.5863452748680374e-7
672	672	672	672	41.08740267000567	42.11358615431719	5.351597023224627e-7
688	688	688	688	40.82174711853538	41.935116595827424	6.099018153774087e-7
704	704	704	704	41.27174621058382	42.376683049185964	6.600074859420066e-7
720	720	720	720	41.82284721833156	42.95321785482482	6.98509315433331e-7
736	736	736	736	41.627352283542095	42.641994403541304	7.492002440435157e-7
752	752	752	752	42.02849669376653	43.02386111979355	8.166206815461558e-7
768	768	768	768	42.26618553447346	42.822692447830605	8.521555754858964e-7
784	784	784	784	42.0691235185755	42.99385311143157	8.94985003612594e-7
800	800	800	800	42.46940072419868	43.29490825665188	9.373529226968618e-7
816	816	816	816	42.81757728116734	43.82294389590672	9.651162427836818e-7
832	832	832	832	41.958095259742905	43.23723413182303	1.1957195369785829e-6
848	848	848	848	42.27491242802829	43.585612528207925	1.329526828859404e-6
864	864	864	864	42.75025942061123	43.99271210944639	1.455840398244483e-6
880	880	880	880	42.485849768195564	43.97947903537456	1.6782505150219854e-6
896	896	896	896	42.71148815980387	43.860229450584	1.713115157627805e-6
912	912	912	912	43.22919545838737	44.90566526856158	1.801069025148615e-6
928	928	928	928	43.03110690073727	44.32791459350133	1.8883216885212769e-6
944	944	944	944	43.1252562065528	44.35536953357395	1.924140387645543e-6
960	960	960	960	43.45933637488825	44.62445655876596	2.0759863313955523e-6
976	976	976	976	43.21291796019917	44.27079341437585	2.1765134099685856e-6
992	992	992	992	43.538336805421835	44.63040962130662	2.319548945546785e-6
1008	1008	1008	1008	43.7525400271706	45.26833138835433	2.333637928298072e-6
1024	1024	1024	1024	41.80556379154686	43.599639380017955	2.581343942444568e-6
1040	1040	1040	1040	43.20100047947386	45.416756438691905	2.829965514001192e-6
1056	1056	1056	1056	43.74739979415292	45.54708632867159	3.1758006935109722e-6
1072	1072	1072	1072	43.477717601424175	45.02169072572453	3.57351469478488e-6
1088	1088	1088	1088	43.65750181991218	45.10277459183012	3.5246207677345446e-6
1104	1104	1104	1104	43.93012641241849	45.25171370654918	3.935148122685051e-6
1120	1120	1120	1120	43.691966640671204	45.05285592143156	4.2536225305398425e-6
1136	1136	1136	1136	43.8866325037779	45.44589794853174	4.405832657642726e-6
1152	1152	1152	1152	44.074763709589796	45.49920818087308	4.652886091469525e-6
1168	1168	1168	1168	43.95736828323421	45.70406692011736	4.65765583756202e-6
1184	1184	1184	1184	44.2164171770623	45.682192488722144	4.945322520427548e-6
1200	1200	1200	1200	44.41508713424662	45.861659974725924	5.2139160887927204e-6
1216	1216	1216	1216	43.719049416892545	45.449457639091875	5.374487558910388e-6
1232	1232	1232	1232	43.936474998909645	45.73571780685621	5.443147593475376e-6
1248	1248	1248	1248	44.26603205247061	45.94579890071904	5.6974293145233775e-6
1264	1264	1264	1264	42.21792551906844	43.49990499752644	5.72041585175516e-6
1280	1280	1280	1280	42.19435930874553	43.19201285364573	6.019700270390994e-6
1296	1296	1296	1296	42.743551015881835	44.08757331899598	6.5773394671974855e-6
1312	1312	1312	1312	42.56122975539498	43.839191718617286	7.414312303275324e-6
1328	1328	1328	1328	42.7007858781004	44.145844190637675	7.730012377981399e-6
1344	1344	1344	1344	42.98189185865617	44.336615552564695	8.27705517702819e-6
1360	1360	1360	1360	42.83573215784556	44.21861393622643	9.022920729174815e-6
1376	1376	1376	1376	43.08109057499986	44.41497065169681	9.324841408230075e-6
1392	1392	1392	1392	43.311653213530946	44.629422352091254	9.77170842509748e-6
1408	1408	1408	1408	42.93616048899652	44.14833612727249	1.0354366480882441e-5
1424	1424	1424	1424	43.26329877771701	44.605368072895686	1.0797369473545775e-5
1440	1440	1440	1440	43.52090259046115	44.72102886565053	1.1205712848451214e-5
1456	1456	1456	1456	42.994050287182255	44.47730835455447	1.1357031226833529e-5
1472	1472	1472	1472	43.13924798397519	44.62562928908744	1.18594896033351e-5
1488	1488	1488	1488	43.44940406849106	44.92302817003888	1.2400380704811566e-5
1504	1504	1504	1504	43.30765182452246	44.727989430850094	1.2723637258818758e-5
1520	1520	1520	1520	43.44586778815918	45.00387340246257	1.3189034524054034e-5
# Flush value 31876710400
