16	16	16	16	0.9678638941398865	0.9289035037986166	2.5736952517654053e-13
32	32	32	32	5.364987106544963	5.090372441648219	3.3184095444372414e-12
48	48	48	48	12.50793112223259	11.482025592441664	1.4494960351393482e-11
64	64	64	64	16.804910492491626	15.660438789073584	4.7537957817883505e-11
80	80	80	80	21.973070114264257	20.702552438716197	1.1669919282100048e-10
96	96	96	96	26.85636663049335	25.18373243195161	2.0822463588053048e-10
112	112	112	112	27.957931604031725	26.353806256770508	4.6155041570174815e-10
128	128	128	128	30.361056117555506	28.643161036105248	7.022712677725157e-10
144	144	144	144	32.264688561966146	30.80056629609859	1.145449272249501e-9
160	160	160	160	31.837207404327096	31.2062519165827	1.4814392887782786e-9
176	176	176	176	33.992231096812006	33.17214690778105	2.5244951762959176e-9
192	192	192	192	36.0981366681372	35.067650472353066	3.485176102240268e-9
208	208	208	208	35.31838269347002	33.82385226961997	4.707988759943096e-9
224	224	224	224	36.810049265439766	35.13868298218903	6.982978784697514e-9
240	240	240	240	38.50441649055251	37.144315769675146	8.041088673905061e-9
256	256	256	256	38.32052858213928	36.770106509640875	9.966946576258165e-9
272	272	272	272	39.34388178642021	37.95788513690985	1.5338574621826973e-8
288	288	288	288	40.771174652373006	39.24785280004732	1.8854969964388617e-8
304	304	304	304	40.40735184767023	38.987545118588514	2.0919804179862055e-8
320	320	320	320	40.70987597762621	39.723879757920486	2.4825686797133832e-8
336	336	336	336	41.81806967224297	40.820954862204054	3.3009440821497295e-8
352	352	352	352	41.37128449665604	40.68682169421733	3.9386247198638506e-8
368	368	368	368	42.20725079891247	41.39127105364081	4.59874413035801e-8
384	384	384	384	43.072201696474	42.20482716404811	5.312213676562033e-8
400	400	400	400	42.35719091080866	41.11486159308204	6.038174447326157e-8
416	416	416	416	42.99401489773428	41.710865589169856	7.42799088299032e-8
432	432	432	432	43.84614826121887	42.605179424983945	9.320208048082328e-8
448	448	448	448	43.33620681760894	42.086359391321984	1.0699271105066433e-7
464	464	464	464	44.05756434797095	42.7777885307944	1.1632960859598503e-7
480	480	480	480	44.387214955319095	43.479098447180675	1.3172207182822483e-7
496	496	496	496	43.95434255761212	43.04634467555464	1.405926977016151e-7
512	512	512	512	43.53000453323602	42.24833039622409	1.5884169980312057e-7
528	528	528	528	45.12124072877029	43.956420126796026	1.9540914296214873e-7
544	544	544	544	44.67177883042535	43.57509318523663	2.2941558417234068e-7
560	560	560	560	45.23726082430184	44.051959519034554	2.5686275067689723e-7
576	576	576	576	45.7609302805609	44.51833207712524	2.9538052059628014e-7
592	592	592	592	44.991208946341054	43.255282700722354	3.0543405031378005e-7
608	608	608	608	45.30556100793088	43.389204789235656	3.2753437865567287e-7
624	624	624	624	45.94842157781277	44.0515568872942	3.425343151002062e-7
640	640	640	640	41.138815647357184	43.476739370593656	3.7663219203564565e-7
656	656	656	656	41.880426292561125	43.824697586940104	4.947067697038398e-7
672	672	672	672	42.45492621053472	44.07490823611088	5.105414876446097e-7
688	688	688	688	42.217686913445036	43.52092336973612	6.110271069221335e-7
704	704	704	704	42.66646709960612	43.73849229267753	6.661606568467421e-7
720	720	720	720	43.21260492680171	44.12079825088024	6.968384284720726e-7
736	736	736	736	42.91118460449443	42.647485180378	7.605798491814899e-7
752	752	752	752	43.337206899493864	43.1680284609589	8.033249721321876e-7
768	768	768	768	43.12270860993459	42.45646843143402	8.542700683400602e-7
784	784	784	784	43.224339981926406	42.02578602893571	8.840797528142527e-7
800	800	800	800	43.55205452989427	41.955750081642655	9.354410897720565e-7
816	816	816	816	44.04219410154848	42.59610685996857	1.09180880264817e-6
832	832	832	832	43.500199022365884	42.023954762602074	1.1920928955078125e-6
848	848	848	848	43.759408651124005	42.10667849308338	1.303979322445206e-6
864	864	864	864	44.182129917295065	42.418971768693055	1.4646219365520566e-6
880	880	880	880	44.15516958492873	42.851632685990324	1.5482155890462132e-6
896	896	896	896	44.12404321557379	41.54479918568344	1.7085238914032465e-6
912	912	912	912	45.039631597385934	43.946959582078065	1.794785946791054e-6
928	928	928	928	44.50427552699145	42.97216169243411	1.921758801570994e-6
944	944	944	944	44.508833363070444	42.777443028977935	1.97531739729217e-6
960	960	960	960	44.74291337969939	42.36668982605367	2.1539395271118534e-6
976	976	976	976	44.361011535882014	41.001922103930596	2.2029667261201916e-6
992	992	992	992	44.747224987211325	41.60668181347214	2.2517400032667755e-6
1008	1008	1008	1008	45.43737304937178	43.01217586926219	2.3518002838737894e-6
1024	1024	1024	1024	43.70143909985624	40.71680645388385	2.5287340792938833e-6
1040	1040	1040	1040	45.510190918205176	44.536641379201676	2.832553574843922e-6
1056	1056	1056	1056	45.591278874071776	44.01750288252119	3.0244585539384713e-6
1072	1072	1072	1072	45.1835319359307	42.79346825753859	3.390660918552373e-6
1088	1088	1088	1088	45.2625391609429	41.76961270408233	3.564057479046356e-6
1104	1104	1104	1104	45.36627176743518	42.133133539262026	3.941209248128113e-6
1120	1120	1120	1120	45.151792720475065	42.458869903949186	4.055908850119276e-6
1136	1136	1136	1136	45.570806806928935	43.53048524224639	4.4180874968417784e-6
1152	1152	1152	1152	45.66290736337935	42.30259786492944	4.51077126135933e-6
1168	1168	1168	1168	45.7861642788721	42.81876932898767	4.737772589716756e-6
1184	1184	1184	1184	45.78357554374423	41.891704934002476	4.864173611456692e-6
1200	1200	1200	1200	46.098285960753	41.866771755171186	5.274800590044705e-6
1216	1216	1216	1216	45.58444250122527	41.584899616158346	5.205029143118975e-6
1232	1232	1232	1232	45.86725321126687	41.807095446134795	5.524071687645095e-6
1248	1248	1248	1248	46.07212405916707	41.90546426546777	5.663284282921554e-6
1264	1264	1264	1264	43.42053818863541	41.92257937256661	5.772195168063083e-6
1280	1280	1280	1280	43.295923748872816	41.98180747038142	5.914709937076666e-6
1296	1296	1296	1296	44.06535770695606	42.41438285186303	6.544901447624128e-6
1312	1312	1312	1312	43.89018879069473	42.174777321392874	7.254095865921081e-6
1328	1328	1328	1328	44.18089692912299	42.28405779690753	7.772523383764318e-6
1344	1344	1344	1344	44.433797053014175	42.81607384669791	8.159743075268988e-6
1360	1360	1360	1360	44.35711429097395	41.40250062310577	8.793149842267826e-6
1376	1376	1376	1376	44.50507173269433	41.47236684490668	9.356647831965337e-6
1392	1392	1392	1392	44.730898617570276	42.02934942951818	9.691988332943088e-6
1408	1408	1408	1408	44.309890590826996	41.87866060523599	1.0248532929159081e-5
1424	1424	1424	1424	44.66570472813611	42.14119660536164	1.0707290526313936e-5
1440	1440	1440	1440	44.868947972380376	42.40590224018119	1.0915382828334195e-5
1456	1456	1456	1456	44.619583137367236	42.28176503698814	1.1717543998901103e-5
1472	1472	1472	1472	44.774179327926944	42.548281133575976	1.1997239424321905e-5
1488	1488	1488	1488	45.05856301082489	42.65650996965716	1.2182043319329279e-5
1504	1504	1504	1504	44.8556452633343	42.59799204431109	1.2635376348821455e-5
1520	1520	1520	1520	45.15814516986771	42.912317631466394	1.2930945729959789e-5
# Flush value 31876710400
