16	16	16	16	0.9026002644336714	0.8740930431071277	2.49399488080602e-13
32	32	32	32	4.9769137302551645	4.761060661096985	2.990633774508275e-12
48	48	48	48	12.153300914860298	11.444004656577416	1.62186138369425e-11
64	64	64	64	16.238110723964382	14.668681103463713	4.269784619939129e-11
80	80	80	80	20.449326010983523	19.742042453103007	1.2602328261483326e-10
96	96	96	96	25.569665616600673	24.970146831584668	2.1262733493062052e-10
112	112	112	112	26.163263405867948	24.524484283014836	4.511093720793724e-10
128	128	128	128	28.707660296774897	27.111625351475393	6.954536741453061e-10
144	144	144	144	30.980481465822464	26.613996933937038	1.2357994998783191e-9
160	160	160	160	29.106258094200953	29.011272324195303	1.6809824246672973e-9
176	176	176	176	31.77789532740242	31.202350002074706	2.5697215523854964e-9
192	192	192	192	34.20413834096672	33.0361125243294	3.283964598536615e-9
208	208	208	208	33.24449944816695	31.016078611138877	5.280240192625952e-9
224	224	224	224	35.53616915324573	31.941433914219783	6.573085772568874e-9
240	240	240	240	36.88027649535996	34.86568489229318	8.284322393432816e-9
256	256	256	256	36.320078886966385	35.08780412820676	1.0458606344854525e-8
272	272	272	272	37.09467519701822	34.75957582695564	1.4418591005160507e-8
288	288	288	288	39.007787964233415	36.78829445885666	1.8648266590348968e-8
304	304	304	304	37.191654189783655	36.65288520591794	2.2389302678928456e-8
320	320	320	320	38.9725578744209	37.005886350437315	2.5369994475679723e-8
336	336	336	336	40.35164267047209	38.5500103658958	3.1213203491398863e-8
352	352	352	352	39.51202062833997	37.74670045742146	4.1855153449749507e-8
368	368	368	368	39.97657846960698	38.3959197234873	4.716760390289351e-8
384	384	384	384	42.69340022755496	42.76485377895363	5.3581408648351304e-8
400	400	400	400	42.40445167234213	38.351140646815956	6.038892636379821e-8
416	416	416	416	40.17605714172507	37.90226456557437	7.548310577106525e-8
432	432	432	432	42.35500044720904	40.160718455401586	9.209268740812492e-8
448	448	448	448	43.259969319065604	41.592657631564855	1.1234699822962449e-7
464	464	464	464	42.035309546845	39.614108668275264	1.1379679586072213e-7
480	480	480	480	44.390217029074186	43.24580507830853	1.350835158107755e-7
496	496	496	496	40.44699280491361	35.75370500174595	1.4633030863672678e-7
512	512	512	512	40.61049849988688	36.51132691146201	1.6132593192069288e-7
528	528	528	528	42.344990617879404	37.458395218796845	2.0383840829587658e-7
544	544	544	544	43.51037565828223	39.937248166019124	2.2891598188485527e-7
560	560	560	560	44.73266421725002	39.01439857819248	2.5113264760403573e-7
576	576	576	576	43.267590939486425	38.53319963536184	2.8864990654972683e-7
592	592	592	592	40.8359093192468	36.78112555909146	3.0246053830063996e-7
608	608	608	608	44.092948122801474	40.51526025503506	3.2458161707500233e-7
624	624	624	624	41.7289060423634	39.626869385056075	3.7515541453236457e-7
640	640	640	640	36.127826939682514	38.5705853821713	3.7824540176677783e-7
656	656	656	656	39.6111790356004	40.58658031787383	4.6061222303133404e-7
672	672	672	672	36.65195450724053	39.22378449621406	5.343552040972208e-7
688	688	688	688	39.1682144209356	39.20229076402809	5.770713961342355e-7
704	704	704	704	39.063008606008445	41.79748927199358	6.210071218523633e-7
720	720	720	720	38.37191980806637	38.84110427542169	7.139837389916162e-7
736	736	736	736	38.038909646031414	37.48908414441009	7.397210930305531e-7
752	752	752	752	39.10341542363274	39.16277497999713	8.070048489601019e-7
768	768	768	768	39.6956774888988	40.127125928585414	8.379088035013961e-7
784	784	784	784	39.460621975869294	35.69820123078674	8.792158645468591e-7
800	800	800	800	42.116585453770426	39.46431432632652	9.237668387112144e-7
816	816	816	816	39.24640794043116	37.85952848995065	1.1156669154683608e-6
832	832	832	832	39.28689203367928	38.35970507811024	1.2812182690937267e-6
848	848	848	848	39.43076885772047	36.67150299773506	1.265173523969467e-6
864	864	864	864	40.148769912264356	37.70377200207397	1.5169572384021119e-6
880	880	880	880	38.26807523116391	38.91528841496515	1.617256600717145e-6
896	896	896	896	37.92467820155604	36.93070795232652	1.7075814009072246e-6
912	912	912	912	38.98890378266889	38.45253715472866	1.8233536021274817e-6
928	928	928	928	38.21610228693135	39.4620014941347	1.9242269352329854e-6
944	944	944	944	42.45450379171448	41.82357197538769	1.9750925653309044e-6
960	960	960	960	43.91895359197262	41.59295426065973	2.0865084582772786e-6
976	976	976	976	39.89573438625798	36.25587416295449	2.135264127743481e-6
992	992	992	992	39.58721986713429	36.95308546853425	2.2682460249202837e-6
1008	1008	1008	1008	40.62004730592467	37.02665614268519	2.3598471754585688e-6
