16	16	16	16	0.9746579417013682	1.0260521042084167	1.9484942300781097e-13
32	32	32	32	5.158081145960411	5.362353229963588	3.0505379675102492e-12
48	48	48	48	11.835933110367893	12.142625785731932	1.6167531461752494e-11
64	64	64	64	17.4640418373805	17.685247339393836	3.9308693494557355e-11
80	80	80	80	21.731748726655347	21.889228532951414	1.1034536064910281e-10
96	96	96	96	26.654294580182572	26.64446134270936	2.393336646986212e-10
112	112	112	112	29.207116091243133	29.143802475794367	4.2921983415006616e-10
128	128	128	128	30.665721074757812	30.81679150946516	6.211469290549007e-10
144	144	144	144	32.30282164387192	32.018185912351626	1.245358312463776e-9
160	160	160	160	33.22787377301858	33.94465761144306	1.6206940394274255e-9
176	176	176	176	35.1887535943768	35.24944435554133	2.751197269674501e-9
192	192	192	192	36.975987169474216	37.15309754023495	3.4783643596639537e-9
208	208	208	208	37.84486146580356	37.922849277429705	4.984492994163312e-9
224	224	224	224	38.16880202739703	38.43444778426363	7.053462071205075e-9
240	240	240	240	39.71455165994414	39.65764300375664	8.196333150417513e-9
256	256	256	256	38.478551471022485	36.90274743433306	1.071526994835944e-8
272	272	272	272	38.1306267769829	38.41111048016159	1.4558898472100014e-8
288	288	288	288	39.01191284004752	39.53142564939336	1.8217417078109975e-8
304	304	304	304	39.836756223681384	40.029100193630846	2.2105427368391158e-8
320	320	320	320	39.972991881095965	40.29464722969689	2.2687551242641707e-8
336	336	336	336	39.58675302068614	40.120622935396774	3.488732375565984e-8
352	352	352	352	41.291166947531856	41.429899413235965	3.896836618057264e-8
368	368	368	368	41.56553922424138	41.71546057966423	4.7622831755421455e-8
384	384	384	384	42.05993546508518	42.62620385417774	5.324445361364033e-8
400	400	400	400	42.44551140374933	42.53090800830416	5.883570936354654e-8
416	416	416	416	42.78886742747933	42.919176400660795	7.52759871026494e-8
432	432	432	432	43.37006501617604	43.75964578281536	9.825342815297047e-8
448	448	448	448	43.48852322005683	43.62518649121896	1.0702918514878475e-7
464	464	464	464	43.827354677910286	43.88024284560618	1.2014061212539673e-7
480	480	480	480	44.08468139836679	44.42725966217173	1.3477495879039677e-7
496	496	496	496	44.5339743994476	44.481270952447	1.4570659992169935e-7
512	512	512	512	43.80295094007662	41.864592948291815	1.6222666197035597e-7
528	528	528	528	43.36380611071403	43.84048008376269	2.013466851814998e-7
544	544	544	544	43.49618656686728	43.693230927793785	2.252491780792322e-7
560	560	560	560	43.696417437935004	43.86811588120917	2.6505905149053236e-7
576	576	576	576	43.84303222957561	44.26754647527756	2.951220023682469e-7
592	592	592	592	43.85806032719885	44.210769821520124	3.150239048289529e-7
608	608	608	608	44.26948093259983	44.28720413611285	3.295671498767131e-7
624	624	624	624	44.27295389466656	44.68225996357864	3.5429449716539736e-7
640	640	640	640	44.461073324882456	44.66512381182236	3.802534301878404e-7
656	656	656	656	44.48785613723293	44.62539321821485	4.385847094429584e-7
672	672	672	672	44.76532943158151	45.260201778255706	5.504738838343093e-7
688	688	688	688	45.01022693104511	45.26091869982908	5.929768205306131e-7
704	704	704	704	45.16366319789058	45.27098162626746	6.263918060529991e-7
720	720	720	720	45.38367022352322	45.69534812436118	7.101736157529319e-7
736	736	736	736	45.28015247833514	45.58516676493054	7.59438597587034e-7
752	752	752	752	45.36952177962968	45.486630102002344	8.083879947662354e-7
768	768	768	768	45.510514411115665	44.41537452900845	9.086807024413716e-7
784	784	784	784	43.979925073821185	44.3152687886864	8.589197866293548e-7
800	800	800	800	44.20637088057278	44.55618396647895	9.024510942436667e-7
816	816	816	816	44.70306948378894	44.822594728818075	1.0665526292832132e-6
832	832	832	832	44.59798547993573	44.88369376984989	1.2300906309136843e-6
848	848	848	848	44.764645308292444	44.90614105829668	1.410837818354474e-6
864	864	864	864	45.194320569849666	45.42096233897913	1.4272481233416415e-6
880	880	880	880	45.07080631860466	45.33734331944594	1.5517432799784477e-6
896	896	896	896	45.11345584548853	45.44656972120962	1.6582354706857396e-6
912	912	912	912	45.47369784084163	45.82314946687848	1.77752178770915e-6
928	928	928	928	45.53019948249611	45.903690440072545	1.8820349459465675e-6
944	944	944	944	45.59593634001898	45.92874990025813	1.98670817836846e-6
960	960	960	960	45.966310590326266	46.28039713263097	2.166325976449936e-6
976	976	976	976	45.91113723034362	46.22408050434541	2.1699871947764826e-6
992	992	992	992	45.9162049234294	46.20540212693906	2.2768199001526257e-6
1008	1008	1008	1008	46.2382439325151	46.57641516033379	2.3063729244715133e-6
1024	1024	1024	1024	45.74265400132573	44.84758789875683	2.472537782339923e-6
1040	1040	1040	1040	45.00432503844684	45.44419210778516	2.758466157826381e-6
1056	1056	1056	1056	45.225379306695004	45.723637535264395	3.1511287957877056e-6
1072	1072	1072	1072	45.39645971251795	45.66542421930624	3.4342570135617346e-6
1088	1088	1088	1088	45.44012376350369	45.64389938887732	3.6161345147325506e-6
1104	1104	1104	1104	45.52098911837478	45.99163194160353	3.949398095604411e-6
1120	1120	1120	1120	45.72752547615473	45.932672459623845	4.131439316411665e-6
1136	1136	1136	1136	45.76630965699324	45.982452090028474	4.3167869276955754e-6
1152	1152	1152	1152	46.04565582469943	46.36928708581553	4.474270609924144e-6
1168	1168	1168	1168	46.03674698617216	46.34867051114847	4.653625722266803e-6
1184	1184	1184	1184	46.06759690342463	46.38663302796958	4.8451693319943875e-6
1200	1200	1200	1200	46.27763635901054	46.6396824075145	5.0510101030666305e-6
1216	1216	1216	1216	46.35551368740986	46.60113328976532	5.22442446742266e-6
1232	1232	1232	1232	46.350347095460855	46.609798844914174	5.581056811597466e-6
1248	1248	1248	1248	46.36695284407537	46.88092950171346	5.555315972050577e-6
1264	1264	1264	1264	46.51277789422996	45.80241911724516	5.815100594885521e-6
1280	1280	1280	1280	46.55074982756023	45.97068553134417	5.925305801520804e-6
1296	1296	1296	1296	45.56219339577052	45.97712905465906	6.493470586076356e-6
1312	1312	1312	1312	45.576549575932766	45.9737669398496	7.210868825911649e-6
1328	1328	1328	1328	45.74958229671478	46.066172230779166	7.532326949357967e-6
1344	1344	1344	1344	45.852655777576025	46.22693416441504	8.280702780326605e-6
1360	1360	1360	1360	45.764734077864865	46.13638311134171	8.86176954750267e-6
1376	1376	1376	1376	45.806859216114496	46.163321496292895	9.592691237240541e-6
1392	1392	1392	1392	45.758370607860336	46.239995118210395	9.724466284783553e-6
1408	1408	1408	1408	46.183411571361354	46.56977049044505	1.0158570884063262e-5
1424	1424	1424	1424	45.91437299996638	46.39947637605806	1.0855493372895275e-5
1440	1440	1440	1440	46.08910704396401	46.6324196612299	1.1108473367777284e-5
1456	1456	1456	1456	46.161822582615784	46.62222618969398	1.1704081938673777e-5
1472	1472	1472	1472	46.39686898025814	46.76873639438984	1.1660822740508963e-5
1488	1488	1488	1488	46.346080259456194	46.95766329258517	1.2358983927812555e-5
1504	1504	1504	1504	46.31529176286779	46.942586627788494	1.2872085004904142e-5
1520	1520	1520	1520	46.52901484651189	46.006589507310544	1.3056920889941087e-5
1536	1536	1536	1536	46.411937785762284	46.144886405716804	1.320269791046843e-5
1552	1552	1552	1552	45.6418937606269	46.26046919291005	1.3506240214438295e-5
1568	1568	1568	1568	45.5674875580922	46.33613035916708	1.4487546206070074e-5
1584	1584	1584	1584	45.83750440310826	46.36353618597832	1.4284766397600111e-5
1600	1600	1600	1600	45.78340306816648	46.47203177177994	1.4753564371796705e-5
1616	1616	1616	1616	45.88516425458553	46.47972230562695	1.5276328591678983e-5
1632	1632	1632	1632	46.10333915074871	46.6972121151009	1.6365437297100058e-5
1648	1648	1648	1648	46.102323893290816	46.50716882467473	1.8049876874946297e-5
1664	1664	1664	1664	46.23209718822611	46.699319573112554	1.9402753868659313e-5
1680	1680	1680	1680	46.08745237240062	46.75480485119537	2.0163820541486848e-5
1696	1696	1696	1696	46.24339875489186	46.71049871987335	2.1600907474431313e-5
