### Coordinate 1 = 9 runs
9	32	32	32	3.7755395683453234	3.760322436184505	2.227797943108433e-12
9	48	48	48	8.824916843060175	8.324015972618367	8.285891071085916e-12
9	64	64	64	13.41986445850725	12.812615160474783	2.136828720626132e-11
9	80	80	80	17.59925845821103	16.860301626533662	3.601415278030496e-11
9	96	96	96	22.250376519009897	20.92778823071433	8.231806349783991e-11
9	112	112	112	24.66161895167842	23.3608421959891	1.498211370342615e-10
9	128	128	128	27.313810789926805	25.96288220971725	2.3146238120661097e-10
9	144	144	144	28.68477656472503	27.277407595284973	2.520465652296665e-10
9	160	160	160	30.204486271005397	28.523488826695942	5.181789693528803e-10
9	176	176	176	31.936156221090293	30.008980867871273	7.033258428328305e-10
9	192	192	192	33.31046899760612	31.537262262741567	9.385703304198744e-10
9	208	208	208	34.726421305714815	32.7411806760421	1.2223608791828156e-9
9	224	224	224	35.39828110594195	33.36398712358165	1.3015628661377063e-9
9	240	240	240	36.664638604420496	34.34005813368833	2.7027415964388988e-9
9	256	256	256	35.5504607813837	34.929510611873425	3.168978166956501e-9
9	272	272	272	35.41092126801035	34.618334167312625	3.2093489431054847e-9
9	288	288	288	36.78476069880146	35.957384261252756	4.650788464452647e-9
9	304	304	304	37.311260951864995	36.16345574427972	4.2678561945965885e-9
9	320	320	320	37.555005247619064	33.47522466126923	5.806779448566924e-9
9	336	336	336	38.363803450751874	34.192844096860554	5.926900571844473e-9
9	352	352	352	38.910832167281626	37.94440931021685	8.290863509646085e-9
9	368	368	368	38.96578968256391	37.33921927851827	9.689783699198073e-9
9	384	384	384	40.14346857027073	35.90138831626191	7.2887520503711554e-9
9	400	400	400	40.29382969945876	36.05304050154716	1.0360309603292024e-8
9	416	416	416	40.452614667570884	38.573597973686134	1.2284988498569391e-8
9	432	432	432	41.36116167408276	37.33218178288315	1.445801434690135e-8
9	448	448	448	41.54091988849562	37.54061540155361	1.7719620457329272e-8
9	464	464	464	41.95603135155801	37.87513498606299	2.275554784176986e-8
9	480	480	480	42.683639256691485	41.09373344419019	2.2039114620907665e-8
9	496	496	496	42.15237620559305	37.942874385125215	2.5076627764545865e-8
9	512	512	512	41.12098030121217	38.117899294602545	2.492049366284097e-8
9	528	528	528	41.73416663948637	40.88670229770052	2.6603894042010793e-8
9	544	544	544	41.9570055866151	41.0809883780184	3.30586719313615e-8
9	560	560	560	42.14433548741221	41.38587326796283	3.7990655851310376e-8
9	576	576	576	42.75098524489492	41.95413186321959	4.615452771396885e-8
9	592	592	592	42.676647230110994	42.02269952261094	4.5166744489156234e-8
9	608	608	608	42.84682057062734	42.242936434742255	4.423537137746035e-8
9	624	624	624	43.32907346894862	42.867988427426226	4.984098732568194e-8
9	640	640	640	43.29505438258142	42.90019260919699	5.587935447692871e-8
9	656	656	656	42.50564158061397	42.58533016478198	5.202084796044581e-8
9	672	672	672	43.15338051323313	42.69036410857027	8.901807029059918e-8
9	688	688	688	42.833819267721516	42.27604132796333	9.372640867091063e-8
9	704	704	704	43.91798767360538	43.49904424984429	7.165738963213318e-8
9	720	720	720	44.275718255121475	43.803862888759056	7.760773098468654e-8
9	736	736	736	44.15613295611222	43.44964521169835	7.760773098468654e-8
9	752	752	752	44.45157728746541	43.4650321698886	9.996002811937585e-8
9	768	768	768	43.494331607643645	43.441032408454475	1.5228192087985348e-7
9	784	784	784	43.0520829625479	42.90237144948221	1.1144783572593027e-7
9	800	800	800	43.1279904498023	43.12528012149974	1.3254915829492506e-7
9	816	816	816	43.079633822736085	43.27307180200287	1.384385241274688e-7
9	832	832	832	43.45715925732767	43.44661883456999	1.5610699981269958e-7
9	848	848	848	43.253480367660686	43.50041714784518	1.8143349382111313e-7
9	864	864	864	43.844163435158556	43.74831849940325	1.6726511955740786e-7
9	880	880	880	43.876527160934174	43.80798866508154	2.2867335756455074e-7
9	896	896	896	43.88257106924241	43.86888444251712	1.8234905973852301e-7
9	912	912	912	43.81885227836102	44.29328271802649	2.2189725357048856e-7
9	928	928	928	43.26628133430407	44.35815666005423	1.9213254687529247e-7
9	944	944	944	44.07961275251332	44.236397121770324	2.537576312709809e-7
9	960	960	960	43.88445483701289	44.143233837558284	2.3537231980161837e-7
9	976	976	976	44.433058290275945	44.606923232271754	2.726342449118493e-7
9	992	992	992	44.36236219628464	44.73617149221891	2.5948993514877555e-7
9	1008	1008	1008	44.72366622393283	45.07498788050667	2.310881379138056e-7
9	1024	1024	1024	43.38546691669869	43.90430346308795	3.183761331323012e-7
9	1040	1040	1040	42.67970226332894	42.92865395967637	2.715120786173433e-7
9	1056	1056	1056	42.861121153636375	43.19741989569503	3.9593369530398915e-7
9	1072	1072	1072	42.846396751881215	43.21446430325364	3.9789169796760945e-7
9	1088	1088	1088	43.10973770550471	43.414830517987355	3.7726726833498965e-7
9	1104	1104	1104	43.37699419445857	43.74533724364385	4.153656919230924e-7
9	1120	1120	1120	43.298106848812	43.83425151361237	5.761568227166296e-7
9	1136	1136	1136	43.121936653429266	43.666007030124135	4.445443716697782e-7
9	1152	1152	1152	43.25557102949698	44.54343609327154	5.746131981807602e-7
9	1168	1168	1168	43.855028892043784	44.18633200971323	4.5515669433180285e-7
9	1184	1184	1184	43.818100568027	44.58542387604078	5.268356063861754e-7
9	1200	1200	1200	44.205128085333655	44.772003939615395	5.521478448405536e-7
9	1216	1216	1216	44.06983825001328	44.89185776554856	5.485165810378183e-7
9	1232	1232	1232	44.1054157649114	44.86986431080572	5.699572413833522e-7
9	1248	1248	1248	44.29723656696882	45.03230254681243	4.821625258732867e-7
9	1264	1264	1264	43.60186178832404	44.706494661725166	6.260261397838594e-7
9	1280	1280	1280	43.70885913704635	44.82387496461486	6.835070217358896e-7
9	1296	1296	1296	43.534945212904894	44.15077924835773	5.834332689777581e-7
9	1312	1312	1312	43.4819828497184	44.2747574426608	7.208220137624636e-7
9	1328	1328	1328	43.55580520110493	44.38015098981931	5.372690074837192e-7
9	1344	1344	1344	43.733514110094696	44.70065889308497	6.136673772923351e-7
9	1360	1360	1360	43.52833384393683	44.339269211402566	8.450416850303307e-7
9	1376	1376	1376	43.67696687389523	44.39579466942663	7.3787083644509e-7
9	1392	1392	1392	43.71172146433472	44.79292085442434	1.5260418789973387e-6
9	1408	1408	1408	42.98577223949037	43.607061181195235	8.880892053694331e-7
9	1424	1424	1424	43.24501210272722	44.384456487170795	1.1002668703779418e-6
9	1440	1440	1440	43.87616108999283	44.911754719897154	9.573923590307838e-7
9	1456	1456	1456	44.016765794660856	44.737088851969695	1.0782511541322197e-6
9	1472	1472	1472	44.038311407179165	45.16150665461208	1.0974378967000227e-6
9	1488	1488	1488	44.15712010897061	45.00314985186764	9.122626701005677e-7
9	1504	1504	1504	43.29935665269373	44.48958486679017	1.2573613589840524e-6
9	1520	1520	1520	43.08412507003865	44.64585976252195	1.1842439464512782e-6
9	1536	1536	1536	42.74686577500195	44.00823861963605	1.3953089607619793e-6
9	1552	1552	1552	42.67885554798558	43.92258020261791	1.1022831206862288e-6
9	1568	1568	1568	42.487378002545896	44.028269981473095	1.2467205919833118e-6
9	1584	1584	1584	42.57143486315211	44.15722589308879	1.300419821099724e-6
9	1600	1600	1600	42.93240016844263	44.608303854216416	1.5545846647912236e-6
9	1616	1616	1616	43.951799342501744	44.87184384416132	1.3821981698638475e-6
9	1632	1632	1632	43.86590879218914	45.3527921452779	1.146518234114131e-6
9	1648	1648	1648	44.118787826394936	45.42196043193432	1.8448576379468633e-6
9	1664	1664	1664	43.80624506869651	45.169323721218504	1.4292691717483757e-6
9	1680	1680	1680	43.690941458822095	44.495974699134266	1.9678561710380527e-6
9	1696	1696	1696	44.827882146259455	46.11692234322755	1.946983691580424e-6
9	1712	1712	1712	44.790766636314984	46.20007278944558	1.3927604491171745e-6
9	1728	1728	1728	44.92324157599177	45.67305539583278	2.1932565561502096e-6
9	1744	1744	1744	44.65807335678866	46.07178145097936	2.50126543740717e-6
9	1760	1760	1760	44.34179265445959	46.16643760603364	2.154029726933557e-6
9	1776	1776	1776	44.26009020060103	45.61228511250893	2.2531817163748502e-6
9	1792	1792	1792	44.07820362749489	45.75806812916393	1.971463609759954e-6
9	1808	1808	1808	43.97366051775744	44.927477579228956	2.317693483260105e-6
9	1824	1824	1824	44.09443628930178	45.81190764171856	2.602205270879635e-6
9	1840	1840	1840	44.323861805747995	46.038048955693554	2.259479930523022e-6
9	1856	1856	1856	44.04260359170461	45.915557927191394	2.524592707699224e-6
9	1872	1872	1872	44.61197268122133	46.05576624018809	2.471257739261136e-6
9	1888	1888	1888	44.53835147877252	46.37473817063249	2.6947628391879354e-6
9	1904	1904	1904	44.35713572093272	46.16901821900641	2.1948757934000453e-6
9	1920	1920	1920	44.32408991876793	46.14036533352489	3.2020511671455603e-6
9	1936	1936	1936	43.81058676104357	46.14565838791853	2.916367011719958e-6
9	1952	1952	1952	44.42802977553167	45.41474464204157	3.1942751424251228e-6
9	1968	1968	1968	44.559611422525485	45.7776040874804	3.34954770045927e-6
9	1984	1984	1984	44.71991582532613	45.891352162668106	2.995689361841455e-6
9	2000	2000	2000	44.45939874594067	45.87546292094159	3.5955980138434583e-6
9	2016	2016	2016	44.47035755598321	45.43682991301429	3.5473527947345997e-6
9	2032	2032	2032	43.76761662389345	45.74167404382377	2.900487198971853e-6
9	2048	2048	2048	42.59608183521123	44.601159731132086	3.1188667898061586e-6
9	2064	2064	2064	43.099883355709785	45.67858283339204	2.7469917826182635e-6
9	2080	2080	2080	43.40124787627241	45.35466508093654	3.339988166361308e-6
9	2096	2096	2096	42.98308750620254	45.728102665708775	4.6107958807501115e-6
9	2112	2112	2112	43.36083122584669	45.953889171027114	3.7012516728067456e-6
9	2128	2128	2128	43.4870965341455	46.40368902254681	3.897615128581957e-6
9	2144	2144	2144	43.690481395627444	46.325321439152745	3.6820042637540105e-6
9	2160	2160	2160	43.25797729017901	45.51309023911108	4.520531946625362e-6
9	2176	2176	2176	43.72849237406642	46.434450487431185	4.266626874965019e-6
9	2192	2192	2192	43.93552235494307	46.93419708600769	5.553157185960825e-6
9	2208	2208	2208	44.00815647974399	46.896181467268654	5.251977627732918e-6
9	2224	2224	2224	42.05678960169914	44.30434088282994	5.042144294394636e-6
9	2240	2240	2240	43.86047364799042	45.6251827854509	5.7307316502198765e-6
9	2256	2256	2256	44.100939759474336	46.814556121589426	5.171540251608816e-6
9	2272	2272	2272	43.55899616413448	46.76105805220047	5.213958675534496e-6
9	2288	2288	2288	43.98344512293631	46.9132697906252	6.07616659992917e-6
9	2304	2304	2304	43.65702655552155	45.47805743156567	5.955694197080992e-6
9	2320	2320	2320	43.34623620777778	46.37440408019863	6.428465253216154e-6
9	2336	2336	2336	43.779924842066066	46.727436492657795	6.710752460974488e-6
9	2352	2352	2352	43.728025148145775	46.42342713354693	3.998401124775033e-6
9	2368	2368	2368	43.82140260349828	46.035231831898415	6.141303478427533e-6
9	2384	2384	2384	43.71902279440891	46.2885854443703	8.78031245628371e-6
9	2400	2400	2400	43.92264879759009	45.73350579814332	6.229754748560867e-6
9	2416	2416	2416	43.44981610463396	45.22081901682727	6.3684989877667816e-6
9	2432	2432	2432	43.49248652282351	45.46208936219099	7.246316869463507e-6
9	2448	2448	2448	43.79465192079209	45.62685192236803	6.028030815015093e-6
9	2464	2464	2464	44.15986204670887	46.76863946800272	5.831515697782044e-6
9	2480	2480	2480	44.320049881454786	46.496832810403596	6.73717076823463e-6
9	2496	2496	2496	44.46174058337922	46.456116483408586	5.297776709387057e-6
9	2512	2512	2512	44.54930742097759	46.695441462184725	5.652079387249802e-6
9	2528	2528	2528	44.10819291162143	46.84339877279187	7.402503345613491e-6
9	2544	2544	2544	44.15625633617732	46.6990117313681	8.592997212858247e-6
9	2560	2560	2560	44.255840741708425	45.45852486953978	6.7771293657073475e-6
9	2576	2576	2576	44.19266807102389	46.38852005968356	5.673410432000539e-6
9	2592	2592	2592	44.33055555178553	46.91678906089341	8.439478883947305e-6
9	2608	2608	2608	44.594777550179735	47.13168539041183	7.104713642955465e-6
9	2624	2624	2624	44.417179375173575	46.06531463343744	6.946946279684765e-6
9	2640	2640	2640	44.308560002730154	46.55185477851477	1.0463289383645864e-5
9	2656	2656	2656	44.60441915335051	46.31544176196358	8.313939940530155e-6
9	2672	2672	2672	44.6961476015772	46.45135592108775	8.536583800300673e-6
9	2688	2688	2688	43.55259151605516	45.384054679631966	1.2486853003667353e-5
9	2704	2704	2704	44.28455388030473	44.471300108864746	9.587273246232557e-6
9	2720	2720	2720	42.998992085684094	43.24556266008672	1.0446978712180445e-5
9	2736	2736	2736	44.103262376952685	45.04543633381737	7.885854439039815e-6
9	2752	2752	2752	44.19997800997438	44.93768041082371	1.0606277665870297e-5
9	2768	2768	2768	44.17836143814085	45.06807332909291	9.953797218870211e-6
9	2784	2784	2784	43.99746399153806	44.940293142856746	1.0334833527418729e-5
9	2800	2800	2800	43.469043115526134	45.49430416323931	1.2273347545846702e-5
9	2816	2816	2816	44.47522701943629	45.79956018907291	1.2564003111129186e-5
9	2832	2832	2832	44.54443564826487	46.19077411073016	1.0792227075344348e-5
9	2848	2848	2848	44.48799411903786	46.56268679688576	1.0941308885177389e-5
9	2864	2864	2864	44.67643155025958	46.98723711574473	1.2484576665483519e-5
9	2880	2880	2880	44.87646565152282	46.88797552010209	1.3830332767747094e-5
9	2896	2896	2896	44.710692292811125	46.65360510514518	1.5154121954031662e-5
9	2912	2912	2912	44.791407525776336	46.6996621161961	1.0794860289260646e-5
9	2928	2928	2928	44.8943217318638	46.66890853779813	1.3766479523899126e-5
9	2944	2944	2944	44.93187074794435	46.32455289896004	1.382005381220764e-5
9	2960	2960	2960	44.900641302398974	46.675943573386995	1.4133215270308429e-5
9	2976	2976	2976	45.11092657168814	46.70258187623163	1.39184184258713e-5
9	2992	2992	2992	45.207464759249575	46.795574048348826	1.2552687245453055e-5
9	3008	3008	3008	45.04804685068583	46.82332304519026	1.0776414279927752e-5
9	3024	3024	3024	44.58689224140616	45.90062593649256	1.5690406211636445e-5
9	3040	3040	3040	44.44538298976107	45.920849091404826	1.4469081230829963e-5
9	3056	3056	3056	45.00680132221555	46.94905790007207	1.1682510375976563e-5
9	3072	3072	3072	44.51891859792903	45.535791732698954	1.3368459481121242e-5
9	3088	3088	3088	44.94079695667334	46.75875904284247	1.538308007902006e-5
9	3104	3104	3104	44.80084833617019	46.72919836325968	1.3623280169641164e-5
9	3120	3120	3120	45.03463033994836	46.79058543933126	1.3425739503193938e-5
9	3136	3136	3136	44.71490199941268	46.46438421690125	1.1740753414387828e-5
9	3152	3152	3152	44.97913545058932	46.49938071936027	1.7388218566622568e-5
9	3168	3168	3168	45.11606141510156	46.714473374871524	1.2638433724115916e-5
9	3184	3184	3184	45.02332580375695	45.951110467694924	1.5533844117414403e-5
9	3200	3200	3200	45.14278859649036	46.21090982657768	1.6423215960783506e-5
9	3216	3216	3216	45.079507749285945	46.47899753815914	1.508079967581603e-5
9	3232	3232	3232	44.55503031507869	45.3545853486919	1.552469310388537e-5
9	3248	3248	3248	44.580476894513474	45.56397232267521	1.4421860823475469e-5
9	3264	3264	3264	44.30584995169158	45.13018754479402	1.8657681986345148e-5
9	3280	3280	3280	44.699477242008825	46.07260434239141	2.0708132505997147e-5
9	3296	3296	3296	42.87540151462984	43.73070180607164	1.73177907918309e-5
9	3312	3312	3312	44.329646353717195	43.492288493873545	1.8331892763844572e-5
9	3328	3328	3328	43.47359908036915	44.20368000948524	2.2967518956741897e-5
9	3344	3344	3344	44.7046687561025	44.62348721340362	1.955613770905483e-5
9	3360	3360	3360	44.86240739705347	45.238605375177485	1.228723404572022e-5
9	3376	3376	3376	44.40395126951467	44.60261953564252	2.3041647774409425e-5
9	3392	3392	3392	44.84075842532378	44.903366614218726	1.882752134551967e-5
9	3408	3408	3408	44.50493543608707	44.430938732002325	2.1872224695548466e-5
9	3424	3424	3424	45.02800216391873	45.25882389017989	3.0562248914646276e-5
9	3440	3440	3440	44.623816022083595	44.7924996210153	1.9804534585280596e-5
9	3456	3456	3456	45.114899123102674	45.911789783545764	2.0932010715148897e-5
9	3472	3472	3472	44.81890368802312	44.0289661507062	1.7841612752790173e-5
9	3488	3488	3488	45.154424945554496	45.09462794074218	2.2593226891483563e-5
9	3504	3504	3504	45.33911413403125	45.730147211206464	2.3316313130183507e-5
9	3520	3520	3520	45.1134269205809	45.80725848592514	1.9936127624861597e-5
9	3536	3536	3536	44.94989551847202	46.03954980728575	2.012343201256675e-5
9	3552	3552	3552	44.967694266396165	46.0711633309246	2.5947128029656966e-5
9	3568	3568	3568	44.23284020708174	44.610362564030545	2.8362793651510336e-5
9	3584	3584	3584	44.122837711734114	44.2244750481625	2.6898011734333905e-5
9	3600	3600	3600	44.856507184286265	45.13674582905063	3.249147542176142e-5
9	3616	3616	3616	44.813679493024004	45.772242666861395	2.6506313533186525e-5
9	3632	3632	3632	45.09643000510977	45.99861968920655	2.8851603522121132e-5
9	3648	3648	3648	45.170907690939075	45.99435414280245	2.7116903701997626e-5
9	3664	3664	3664	45.18358963522202	45.58596861530239	2.7701735588603617e-5
9	3680	3680	3680	44.87804704695494	45.49067881011833	3.0191738354257068e-5
9	3696	3696	3696	44.95659591247854	45.50425137267435	2.6604778737188952e-5
9	3712	3712	3712	45.18320106750669	45.859702032436125	2.978610551212581e-5
9	3728	3728	3728	45.25843821572139	45.89744061721363	3.1690842911364096e-5
9	3744	3744	3744	44.21649663161201	45.1830873829787	2.7995661436244384e-5
9	3760	3760	3760	44.79304981016249	45.17185368893392	2.505097491562595e-5
9	3776	3776	3776	44.79783145515646	44.981917877768645	2.716716677330802e-5
9	3792	3792	3792	44.6295148289163	45.35281417320192	3.2477476508823055e-5
9	3808	3808	3808	45.22274110911311	46.24618930102669	2.9831871642335993e-5
9	3824	3824	3824	45.2374432067825	46.20225081966254	4.0539572347321094e-5
9	3840	3840	3840	45.43243809000072	45.80122677327923	3.426598400730454e-5
9	3856	3856	3856	45.17561127535644	45.78657603239608	3.360602692861109e-5
9	3872	3872	3872	45.23529611045995	45.82402749932973	2.811722371636499e-5
9	3888	3888	3888	45.27947605300355	45.82791352007868	3.761275061209682e-5
9	3904	3904	3904	45.23622426739202	45.836728139580224	2.6523464174601327e-5
9	3920	3920	3920	45.24689868554984	45.85035131431519	2.9594651506772805e-5
9	3936	3936	3936	45.313607089542145	45.91665719625525	2.629098654192013e-5
9	3952	3952	3952	45.318487930342364	45.84515446924562	2.929348478967222e-5
9	3968	3968	3968	45.288978553524025	45.44316494146308	3.199431647723437e-5
9	3984	3984	3984	45.417973790318975	44.79226521490218	3.647414666607501e-5
9	4000	4000	4000	45.41816002304714	44.3754437410336	3.164057984577006e-5
9	4016	4016	4016	45.45722650890853	43.89143755276947	3.400955581861841e-5
9	4032	4032	4032	45.53031855213102	44.27343763038923	3.575324885016536e-5
9	4048	4048	4048	45.32781920615717	44.74267174734521	3.67319396449485e-5
9	4064	4064	4064	45.250476291872054	44.06299472206714	3.527628276478134e-5
9	4080	4080	4080	45.215421464576615	43.26093405418368	3.820653080751444e-5
9	4096	4096	4096	44.3594648018339	44.17786836973409	3.34534487090881e-5
9	4112	4112	4112	44.69839446099472	42.74149746611069	3.3747810896340365e-5
9	4128	4128	4128	44.90395020766223	43.56548151634432	3.4252710334907475e-5
9	4144	4144	4144	44.91903968502605	44.24069307488054	3.787179880459744e-5
9	4160	4160	4160	44.947251888584844	43.94461273106456	3.190179573760553e-5
9	4176	4176	4176	45.00088078902697	43.751479970229	6.341037830306736e-5
9	4192	4192	4192	44.95734554069237	43.84652558808001	4.248937494267552e-5
9	4208	4208	4208	45.01123578310531	44.45695212158661	6.729319519927263e-5
9	4224	4224	4224	44.9785112223891	45.237689951238906	4.195083131393961e-5
9	4240	4240	4240	45.02098908327709	45.037366467305816	4.057321049915819e-5
9	4256	4256	4256	45.03908062084918	45.11640027850601	4.0133715462686183e-5
9	4272	4272	4272	45.12438302362462	45.098693498335095	4.73103208725451e-5
9	4288	4288	4288	44.898398371000624	45.22363196884171	4.670083826711767e-5
9	4304	4304	4304	44.98285543467686	45.11093780004415	4.4761778651051846e-5
9	4320	4320	4320	45.005763474469454	45.26570789489918	5.121506340827008e-5
9	4336	4336	4336	45.00556068698341	45.27755022177865	5.712501194714331e-5
9	4352	4352	4352	45.05496589649976	45.49309060849204	5.262519707230146e-5
9	4368	4368	4368	44.981112635618565	45.0294261317351	4.906559360277771e-5
9	4384	4384	4384	44.95093348389165	45.07966906026459	6.251478811863855e-5
9	4400	4400	4400	44.99195668383639	45.00451505006649	4.632933731647918e-5
9	4416	4416	4416	44.96031113973556	45.22890178471476	6.288467987760367e-5
9	4432	4432	4432	45.001001471990534	45.159719643563555	6.037594524896398e-5
9	4448	4448	4448	44.99484085486709	45.279899001932144	5.992232541048053e-5
9	4464	4464	4464	45.0885933386301	45.272366158835226	4.74734438501497e-5
9	4480	4480	4480	45.04451296521501	45.54575032075234	5.9526392113980234e-5
9	4496	4496	4496	45.167067039466566	45.282126358853446	4.81959486713153e-5
9	4512	4512	4512	45.19686732587084	45.43098066965522	4.991098063709078e-5
9	4528	4528	4528	45.23425098640736	45.37268536629258	5.73712587077905e-5
9	4544	4544	4544	45.014102439959615	45.41635517190578	6.429349437974233e-5
9	4560	4560	4560	45.17581305671858	45.463485044556315	5.9861583047772275e-5
9	4576	4576	4576	45.11143482992945	45.49565803505827	5.8819366245686624e-5
9	4592	4592	4592	45.23210277512105	45.47332972136251	7.78399235817408e-5
9	4608	4608	4608	44.70448731377992	45.35303317211952	5.422542181331444e-5
9	4624	4624	4624	45.157358944824765	45.3821870335709	7.32096460689974e-5
9	4640	4640	4640	45.151241865322234	45.4751816622258	6.64636424408948e-5
9	4656	4656	4656	45.216217014003554	45.38769126682806	6.177572151451739e-5
9	4672	4672	4672	45.13478303332718	45.18988336969	6.037594524896398e-5
9	4688	4688	4688	45.209929477464364	44.66540471866863	5.9983006261888074e-5
9	4704	4704	4704	45.23407886627475	44.377032179821306	5.0192632167590204e-5
9	4720	4720	4720	45.301088930630165	44.43332506076954	7.197556405682833e-5
9	4736	4736	4736	45.260795044215364	45.94392342920332	5.252139973836656e-5
9	4752	4752	4752	45.31982438740231	44.96296113731269	7.470381175066429e-5
9	4768	4768	4768	45.38672970315853	44.87247196872392	6.57413022598804e-5
9	4784	4784	4784	45.39327226057442	44.69983233020727	7.517107543540403e-5
9	4800	4800	4800	45.309062763925915	44.8597562716172	7.322206816903912e-5
9	4816	4816	4816	45.35760149127457	45.11516071425975	7.160817780530216e-5
9	4832	4832	4832	45.34341504139962	45.1290105288088	6.214269469316449e-5
9	4848	4848	4848	45.384013871341494	44.59519406405577	6.202549950221672e-5
9	4864	4864	4864	45.318541780030195	46.06242347038564	8.142614061789155e-5
9	4880	4880	4880	45.24815505145452	44.72226158930288	6.870427571993972e-5
9	4896	4896	4896	45.27923390004906	45.587201708313174	7.417232267513566e-5
9	4912	4912	4912	45.29492180858144	45.672343019891855	7.391437393058254e-5
### Coordinate 2 = 9 runs
32	9	32	32	1.6880666727722318	1.630284804528569	8.750933101476137e-13
48	9	48	48	2.9536357809272844	2.9139966273187183	1.8749713606747085e-12
64	9	64	64	4.050210124426622	4.0104438642297655	4.692939783251471e-12
80	9	80	80	4.939224387420413	4.859529233105543	1.408983133372173e-11
96	9	96	96	5.684600095949558	5.847612668981441	1.9314721231781097e-11
112	9	112	112	6.2228224172856175	6.438323353293413	2.3890471377969694e-11
128	9	128	128	6.741076836920122	7.044693404677162	4.238674663695217e-11
144	9	144	144	6.350995405819295	6.7136972749347965	5.7607713177687824e-11
160	9	160	160	6.576562433099746	6.902698613618149	7.497679269554264e-11
176	9	176	176	6.570871315015703	6.973697047015121	9.362054139243098e-11
192	9	192	192	6.868499503146738	7.245876398420992	1.5794862226242848e-10
208	9	208	208	6.91842717791084	7.12148327655975	1.9594492928438166e-10
224	9	224	224	7.138003390513676	7.469785252606288	2.369997306217895e-10
240	9	240	240	7.195253131614559	7.50996874468062	2.7734667750404214e-10
256	9	256	256	7.017558053414792	7.335617588349057	3.0420116615084223e-10
272	9	272	272	7.333700464788422	7.568308526418086	3.897224593919841e-10
288	9	288	288	7.50616886708027	7.709843917427285	4.625243331338517e-10
304	9	304	304	7.613809770096529	7.802092298456221	6.03027223405471e-10
320	9	320	320	7.46763901549681	7.672678985468033	5.523022181106598e-10
336	9	336	336	7.579102835457674	7.683789624134353	5.730942551604011e-10
352	9	352	352	7.5137353196822385	7.666298866694853	8.934923350466853e-10
368	9	368	368	7.513074353063011	7.602252951853446	9.60646863334056e-10
384	9	384	384	7.541938444533162	7.628174324899123	1.1332756532610823e-9
400	9	400	400	7.58478565738101	7.6722356974741555	1.3772140455060689e-9
416	9	416	416	7.42447257182831	7.494215154394871	1.2289262569228543e-9
432	9	432	432	7.534993579211225	7.593174977932941	1.4943902988964974e-9
448	9	448	448	7.457626698787123	7.503350644738195	1.607838472925724e-9
464	9	464	464	7.521688286859704	7.567174714692842	1.8422977554260824e-9
480	9	480	480	7.537191164082754	7.555626000885424	1.6511134245526458e-9
496	9	496	496	7.516012495321893	7.541773393645431	2.2689791214137774e-9
512	9	512	512	7.2131195656161715	7.272883086657136	2.9555796022157142e-9
528	9	528	528	7.657819981153454	7.608895142728041	2.4152672538955947e-9
544	9	544	544	7.619666653316015	7.649538602048935	2.7088459576107322e-9
560	9	560	560	7.608188021228203	7.544688324498585	3.256379195775054e-9
576	9	576	576	7.610918387373863	7.553162049836971	3.6813757151462828e-9
592	9	592	592	7.628770032264462	7.609941107071253	3.915303599902354e-9
608	9	608	608	7.659450147889233	7.61962956240635	5.451357988746462e-9
624	9	624	624	7.7220711569056935	7.674991828146328	4.044175957909508e-9
640	9	640	640	7.558338309656288	7.546362565832873	5.535239449931914e-9
656	9	656	656	7.6961079554769105	7.6528742559340035	5.603677847682843e-9
672	9	672	672	7.770999401533071	7.7503602956355	5.308717380031177e-9
688	9	688	688	7.75489972103014	7.727336378246406	4.759877863260571e-9
704	9	704	704	7.76542569929271	7.748839661576827	5.650342100077577e-9
720	9	720	720	7.843552596739419	7.872882378401546	6.739783594104014e-9
736	9	736	736	7.88189916808028	7.949374601533697	8.933690862241048e-9
752	9	752	752	7.887809317684911	7.860560405573939	8.743557953566964e-9
768	9	768	768	7.669237326090411	7.662163742099193	9.158231403339883e-9
784	9	784	784	7.874226548788456	7.913171038035234	9.100149294773049e-9
800	9	800	800	7.885290920689853	7.879964608561731	9.659490739047516e-9
816	9	816	816	7.945496478842894	7.888860695756056	1.0071271089977072e-8
832	9	832	832	7.896256385589813	7.888135635067675	1.2704747082440463e-8
848	9	848	848	7.927939802430406	7.916327311324086	1.1248244547362462e-8
864	9	864	864	7.993617921219876	7.947078337427054	1.293337026547138e-8
880	9	880	880	7.972035650884867	7.937288406309995	1.0923051814865694e-8
896	9	896	896	7.884306448673699	7.849153513170877	1.3331206429318702e-8
912	9	912	912	8.038954968586824	8.004469682347802	1.4115567797595801e-8
928	9	928	928	8.023594618124749	8.003595633711079	1.774522382139089e-8
944	9	944	944	8.047343547755936	8.023995277780557	1.1867941127307385e-8
960	9	960	960	8.011679836103657	8.005967024516005	1.99624274199569e-8
976	9	976	976	8.104146397085671	8.071247257724796	2.1824069610704647e-8
992	9	992	992	8.088555520495657	8.045650830017154	1.7628370534132124e-8
1008	9	1008	1008	8.143305671970747	8.104782996449284	1.549985964115907e-8
1024	9	1024	1024	7.813245788933465	7.766975524874804	2.211829842641092e-8
1040	9	1040	1040	8.28725824679844	8.319312056887602	2.314792142222477e-8
1056	9	1056	1056	8.319183949041577	8.303932365335083	2.35562024078178e-8
1072	9	1072	1072	8.282000982934772	8.254192575768036	2.1081461596126687e-8
1088	9	1088	1088	8.129233627709162	8.132874844126265	2.3233243512240483e-8
1104	9	1104	1104	8.335770001060082	8.327625494079024	2.5356368841201615e-8
1120	9	1120	1120	8.323710161682186	8.313829079218172	2.712252152790029e-8
1136	9	1136	1136	8.280708658891069	8.301337817144143	2.807516659606781e-8
1152	9	1152	1152	8.30758685183791	8.292413275985963	2.6225765063587598e-8
1168	9	1168	1168	8.310207639858081	8.308638658601202	3.219909750235897e-8
1184	9	1184	1184	8.32956457412559	8.317531882450218	2.9107555508644098e-8
1200	9	1200	1200	8.422123866632159	8.393631526376389	3.696218550828649e-8
1216	9	1216	1216	8.304600309365442	8.308706770243214	3.082369082826071e-8
1232	9	1232	1232	8.366353034953724	8.388677472542657	3.177903740858013e-8
1248	9	1248	1248	8.354878941735933	8.349929501578844	3.1955952829008e-8
1264	9	1264	1264	8.248509685324473	8.29231622503834	3.9202762396267464e-8
1280	9	1280	1280	8.152924842988632	8.169781598128756	4.033618710463809e-8
1296	9	1296	1296	8.292153497509247	8.312791909562321	3.112428454741799e-8
1312	9	1312	1312	8.316693785763253	8.319182478380906	4.655739676293816e-8
1328	9	1328	1328	8.343539925746741	8.352896831520836	4.118009978113916e-8
1344	9	1344	1344	8.346648529320596	8.332559722484193	4.9675387714410525e-8
1360	9	1360	1360	8.374745511781828	8.397805050341605	5.382518773963674e-8
1376	9	1376	1376	8.314815029421412	8.328727058026557	4.838901964090944e-8
1392	9	1392	1392	8.354084520131698	8.360995678540155	4.920720182871484e-8
1408	9	1408	1408	8.33221203874146	8.355937313291989	4.5468194405489207e-8
1424	9	1424	1424	8.361159334171663	8.359348794706811	5.648434945162327e-8
1440	9	1440	1440	8.349048231362369	8.353219660305802	6.18418526826725e-8
1456	9	1456	1456	8.413160379168067	8.39959321496652	5.576719216229239e-8
1472	9	1472	1472	8.371177664331807	8.38671680504896	5.973909834399316e-8
1488	9	1488	1488	8.439270037489546	8.452478051008908	5.954185657006633e-8
1504	9	1504	1504	8.329376689182105	8.346979832682328	6.23151546654109e-8
1520	9	1520	1520	8.379469863612377	8.39927497601885	7.647095558201454e-8
1536	9	1536	1536	8.182852694566934	8.220514115464356	5.9270834980515766e-8
1552	9	1552	1552	8.390563491067455	8.422309449804787	6.835473108956162e-8
1568	9	1568	1568	8.263055624795198	8.30595404563343	7.372206494899585e-8
1584	9	1584	1584	8.394019826484342	8.40845149483504	7.328249730231513e-8
1600	9	1600	1600	8.354520297695055	8.37795104371216	9.122030066607432e-8
1616	9	1616	1616	8.32879290976679	8.350678629536162	7.679106195340321e-8
1632	9	1632	1632	8.369114619188133	8.3788605085187	8.188657378387788e-8
1648	9	1648	1648	8.397545269939657	8.413900465553603	8.189054577523566e-8
1664	9	1664	1664	8.305971609948642	8.327808710858857	6.924314447852597e-8
1680	9	1680	1680	8.408670050667322	8.42225114748016	9.215035678357935e-8
1696	9	1696	1696	8.347175380361197	8.375326254503667	8.511958439724818e-8
1712	9	1712	1712	8.38669177412728	8.422136571709219	8.327398810683493e-8
1728	9	1728	1728	8.376944576165059	8.412015686925097	1.0650519616155984e-7
1744	9	1744	1744	8.326815780107866	8.36127833325608	1.2726532353273595e-7
1760	9	1760	1760	8.367895153981259	8.396119613623817	9.052412308373906e-8
1776	9	1776	1776	8.402656785674722	8.44260440080326	1.0912680615754445e-7
1792	9	1792	1792	8.077597702661713	8.122562793871186	1.3223878719959094e-7
1808	9	1808	1808	8.353287701755828	8.415104054040139	1.0761008188570753e-7
1824	9	1824	1824	8.351773910552561	8.375445192612084	1.0307194592925049e-7
1840	9	1840	1840	8.299866112959096	8.348229764267662	1.479572333652171e-7
1856	9	1856	1856	8.351818316452302	8.39038397236712	1.2373366105336011e-7
1872	9	1872	1872	8.342160376435238	8.379520168549755	1.1065115586131175e-7
1888	9	1888	1888	8.366324190702008	8.383648891719366	1.231724719246316e-7
1904	9	1904	1904	8.389193203114244	8.433703569169793	9.467937242139996e-8
1920	9	1920	1920	8.199961048603237	8.250790960055063	1.4585608725067348e-7
1936	9	1936	1936	8.409486531380079	8.456316012748074	1.3852386281775407e-7
1952	9	1952	1952	8.358504687999952	8.385944210042707	1.443880422136448e-7
1968	9	1968	1968	8.326276612592505	8.366746224312235	1.2236795415547855e-7
1984	9	1984	1984	8.381905049938522	8.424577863628286	1.7586652715765438e-7
2000	9	2000	2000	8.300680626989605	8.357540698466373	1.6325463131094677e-7
2016	9	2016	2016	8.383723248210798	8.427907806210422	1.5389101628761625e-7
2032	9	2032	2032	8.402677689280457	8.440430702265829	1.5671422274682553e-7
2048	9	2048	2048	7.495571086082566	7.572316489296348	1.8602745889436814e-7
2064	9	2064	2064	8.423288153282375	8.474093402672429	1.8387961309155087e-7
2080	9	2080	2080	8.348985071570587	8.378831301554897	1.6072466457290905e-7
2096	9	2096	2096	8.263137163746618	8.319353017313617	1.9266563424705691e-7
2112	9	2112	2112	8.377491211906523	8.406830061913757	1.7617265698864579e-7
2128	9	2128	2128	8.284837052718713	8.331932461299521	1.8163834658234586e-7
2144	9	2144	2144	8.340519085151394	8.38877842918083	1.8800378853601978e-7
2160	9	2160	2160	8.394135595683588	8.442412798085305	2.0068488837092353e-7
2176	9	2176	2176	8.18340090058193	8.22571324861922	1.8685961073613842e-7
2192	9	2192	2192	8.367660789481972	8.421966383727392	1.811033317205774e-7
2208	9	2208	2208	8.35263913160862	8.391937635070605	1.9946725035487668e-7
2224	9	2224	2224	8.316883004299351	8.376046927450302	2.3224830445363503e-7
2240	9	2240	2240	8.324016638853678	8.383190735763362	2.044337908068716e-7
2256	9	2256	2256	8.316522552363033	8.368999648930389	2.0867289755180552e-7
2272	9	2272	2272	8.295654633424425	8.372047460130473	2.3500214054321748e-7
2288	9	2288	2288	8.3432105766798	8.407247387082892	2.045271100371274e-7
2304	9	2304	2304	8.065882758922834	8.092729120078266	2.0807713924207806e-7
2320	9	2320	2320	8.333704286189288	8.402875790985195	2.1241403891760018e-7
2336	9	2336	2336	8.294074828376147	8.347596937303445	2.6343220846031655e-7
2352	9	2352	2352	8.252612085816024	8.322126093731352	2.337336723463333e-7
2368	9	2368	2368	8.313675475210397	8.360495780350437	2.134745946344558e-7
2384	9	2384	2384	8.287207513151404	8.35258445470619	2.6161297051239633e-7
2400	9	2400	2400	8.307909658053154	8.359851619084264	2.3702251009305505e-7
2416	9	2416	2416	8.333275804306556	8.394197364808488	2.322982497740341e-7
2432	9	2432	2432	8.239430296988548	8.286971137836808	2.333581060880357e-7
2448	9	2448	2448	8.350744246889963	8.406384285985489	2.415875710975322e-7
2464	9	2464	2464	8.2960374494561	8.350545659218175	2.226114227487652e-7
2480	9	2480	2480	8.332297508703467	8.385809406357394	2.485427588555621e-7
2496	9	2496	2496	8.33302467881266	8.387118603604433	2.601250806531741e-7
2512	9	2512	2512	8.342337081264429	8.409654089234255	2.642101576336207e-7
2528	9	2528	2528	8.237012695594759	8.305974730464401	3.039680517767495e-7
2544	9	2544	2544	8.321209461640724	8.37542154408264	2.321044766215491e-7
2560	9	2560	2560	8.158628941344086	8.202196070191281	2.3760044915877415e-7
2576	9	2576	2576	8.280679073545919	8.346913131884325	3.3780059634052806e-7
2592	9	2592	2592	8.258109629616682	8.306804086774706	3.117344090126766e-7
2608	9	2608	2608	8.310011117011388	8.367915296405476	4.4132309962803443e-7
2624	9	2624	2624	8.287686930446979	8.350739110891935	3.6264820904354633e-7
2640	9	2640	2640	8.327490833326586	8.382444206039555	3.4404271091875423e-7
2656	9	2656	2656	8.273566711055185	8.337651035245798	3.9917359060801814e-7
2672	9	2672	2672	8.291667427468685	8.355457394810726	3.6060709067409564e-7
2688	9	2688	2688	8.28355609603283	8.323711621348226	3.768854304161053e-7
2704	9	2704	2704	8.304606050005168	8.356628398046857	2.841587120541836e-7
2720	9	2720	2720	8.308604119357197	8.366461928826219	3.925334074253425e-7
2736	9	2736	2736	8.354958145849197	8.419528077246502	3.350082646197456e-7
2752	9	2752	2752	8.231062800863336	8.296246492530761	3.8976600807013803e-7
2768	9	2768	2768	8.321109680544371	8.378813501502366	4.734014426060019e-7
2784	9	2784	2784	8.28269195695787	8.350937635148785	4.338464029053503e-7
2800	9	2800	2800	8.24564399841047	8.309940524921842	3.107213700069005e-7
2816	9	2816	2816	8.117999662170423	8.178879245141175	3.5608689635122594e-7
2832	9	2832	2832	8.21649904446595	8.297163019641587	4.2200629631439503e-7
2848	9	2848	2848	8.267984176763314	8.333418541661322	3.041285167432945e-7
2864	9	2864	2864	8.310795359461705	8.389479078412048	4.5166744489156233e-7
2880	9	2880	2880	8.253710354301951	8.305386873307432	5.061179111579645e-7
2896	9	2896	2896	8.303994724614931	8.370075384227357	4.82634505883025e-7
2912	9	2912	2912	8.275811229791824	8.336129849628094	5.143059747046923e-7
2928	9	2928	2928	8.269362787396108	8.344520495612157	4.383750297048301e-7
2944	9	2944	2944	8.271636435030794	8.318002627280142	5.629172815116955e-7
2960	9	2960	2960	8.26445795936608	8.323107266358559	4.589152822027463e-7
2976	9	2976	2976	8.31916314478023	8.378582081539227	4.7369267135361514e-7
2992	9	2992	2992	8.32896186912775	8.399633410041158	4.713927644530886e-7
3008	9	3008	3008	8.101456111827	8.171151049781084	5.303969960896242e-7
3024	9	3024	3024	8.343109338346967	8.40711335751578	5.113732737537227e-7
3040	9	3040	3040	8.271474794207977	8.33407418702173	4.4460582786640476e-7
3056	9	3056	3056	8.224655234731001	8.288696996578155	5.956679777999621e-7
3072	9	3072	3072	8.20855804233192	8.258893412221068	5.890687065785015e-7
3088	9	3088	3088	8.235485513515965	8.309295453299441	5.827743103897214e-7
3104	9	3104	3104	8.241512530576879	8.303962928080265	5.696931476525226e-7
3120	9	3120	3120	8.305092437944664	8.378605080211214	6.108489318951104e-7
3136	9	3136	3136	8.083013972166624	8.155161945823785	5.721201825098567e-7
3152	9	3152	3152	8.303333770093806	8.361288997754333	5.995526058318386e-7
3168	9	3168	3168	8.297561302281283	8.362189598863125	5.122333426024296e-7
3184	9	3184	3184	8.218816277994902	8.284549939781076	6.39715572057203e-7
3200	9	3200	3200	8.281228023627108	8.32253507886225	5.686012250353506e-7
3216	9	3216	3216	8.29394456285704	8.357962781733544	6.068801183045345e-7
3232	9	3232	3232	8.254353096847058	8.320483402263637	5.966565883137656e-7
3248	9	3248	3248	8.33581526086929	8.409318999796666	5.722694937680109e-7
3264	9	3264	3264	8.253401797739405	8.308615206882502	5.887955076809562e-7
3280	9	3280	3280	8.305905749763546	8.375437504691288	6.995143956793754e-7
3296	9	3296	3296	8.265233635134301	8.344312699185199	6.432641719349646e-7
3312	9	3312	3312	8.19577492622801	8.308045366845324	6.576542125510787e-7
3328	9	3328	3328	8.086963188429571	8.14137483970025	6.354132121223936e-7
3344	9	3344	3344	8.178197735010075	8.266966582109236	6.785987212527381e-7
3360	9	3360	3360	8.247768128929822	8.319290468173586	6.719013143923058e-7
3376	9	3376	3376	8.25967687203111	8.345526240976534	6.59464510571956e-7
3392	9	3392	3392	8.120300868622866	8.147027319958736	6.723678151270135e-7
3408	9	3408	3408	8.23428449609846	8.313005069330032	6.752352000313758e-7
3424	9	3424	3424	8.195362261082725	8.278065823044804	6.930810994183868e-7
3440	9	3440	3440	8.14918830461737	8.24725183949258	7.507303409571115e-7
3456	9	3456	3456	8.173842757009291	8.263230215745214	7.242151416736753e-7
3472	9	3472	3472	8.150368370459981	8.256501712068568	7.086000108650936e-7
3488	9	3488	3488	8.087939250983656	8.178218582364407	9.043444322802113e-7
3504	9	3504	3504	8.114976484190763	8.200965928876073	5.964334030926336e-7
3520	9	3520	3520	8.153803511195516	8.220798157999104	1.0421245761113592e-6
3536	9	3536	3536	8.136044351226339	8.23057242566054	8.758136892436477e-7
3552	9	3552	3552	8.111255523097732	8.177722153907697	7.728950602133251e-7
3568	9	3568	3568	8.20073076474633	8.290830869750518	8.726507433247018e-7
3584	9	3584	3584	8.033915547310066	8.08495865931192	8.511310081385042e-7
3600	9	3600	3600	8.667028449219947	8.763330241299245	1.0040296646343365e-6
3616	9	3616	3616	8.525192359810482	8.652932078984415	8.68152508522895e-7
3632	9	3632	3632	8.536637155975193	8.678146090953213	9.511990976473976e-7
3648	9	3648	3648	8.461304056712454	8.615318991712249	9.85768760682711e-7
3664	9	3664	3664	8.428132791570922	8.628180233423272	1.1639430929330932e-6
3680	9	3680	3680	8.377897179881	8.592887797221367	9.61610289498525e-7
3696	9	3696	3696	8.358587296272438	8.592560546650246	9.18550381985441e-7
3712	9	3712	3712	8.080276486264676	8.262135641925097	9.927199692035373e-7
3728	9	3728	3728	8.290789767204135	8.532570334037702	9.290174925994606e-7
3744	9	3744	3744	8.280018027858121	8.530563836483052	1.1666554143932624e-6
3760	9	3760	3760	8.152483210880895	8.396856920054997	1.0863038492402018e-6
3776	9	3776	3776	8.21343281516236	8.475789053396822	7.881977233472804e-7
3792	9	3792	3792	8.09978200444503	8.364935397733381	1.1218800025881398e-6
3808	9	3808	3808	8.233625454001396	8.49454908624438	1.0571163537834667e-6
3824	9	3824	3824	8.253154211283308	8.440336733477476	1.0420463368432991e-6
3840	9	3840	3840	7.988157025590316	8.03602922953765	1.1514537260533406e-6
3856	9	3856	3856	8.00105769067352	8.152642901902828	1.0379380137011442e-6
3872	9	3872	3872	7.991814593797439	8.148712488784732	1.3371690693598617e-6
3888	9	3888	3888	7.906533381946849	8.025836501145793	1.2262459482740027e-6
3904	9	3904	3904	7.997026598063257	8.13963257558585	1.354227570081159e-6
3920	9	3920	3920	7.8545670158687155	7.958455680048531	1.1341459558169514e-6
3936	9	3936	3936	8.027370892126221	8.15824240431559	9.374713575855393e-7
3952	9	3952	3952	8.035494124435832	8.160087085212028	1.329526828859404e-6
3968	9	3968	3968	7.841090355058561	7.935521362202785	1.2284564870972286e-6
3984	9	3984	3984	8.11032436274795	8.235717434894552	1.1373305790273864e-6
4000	9	4000	4000	8.028479805536838	8.124086965812191	1.3819094789370322e-6
4016	9	4016	4016	8.092786467678856	8.188894104307876	1.4106090998452224e-6
4032	9	4032	4032	8.203221242394308	8.29192440930263	1.221023211526878e-6
4048	9	4048	4048	8.157473138561977	8.249655494582072	1.4025804550573669e-6
4064	9	4064	4064	8.19728595937968	8.275707324968065	1.1981500213457005e-6
4080	9	4080	4080	8.301896871411465	8.43989336506691	1.4605525476809602e-6
4096	9	4096	4096	6.565952554468819	6.328048268699603	1.3509520139711222e-6
4112	9	4112	4112	8.78311385658117	8.933139650837903	1.3099852368718696e-6
4128	9	4128	4128	8.649423883154421	8.779598278599783	1.5149524058797159e-6
4144	9	4144	4144	8.53093740481552	8.686155763825349	1.4067682209671233e-6
4160	9	4160	4160	8.457796113062116	8.611586382836144	1.3132361636164877e-6
4176	9	4176	4176	8.420265898812355	8.613180182480246	1.3557881720248012e-6
4192	9	4192	4192	8.36414988680847	8.580225350859537	1.5086436864743439e-6
4208	9	4208	4208	8.345447998657736	8.587941486760656	1.3737800366169452e-6
4224	9	4224	4224	8.022762261239238	8.227364825295876	1.3342261252349962e-6
4240	9	4240	4240	8.252105541342392	8.5066892918098	1.245215548537745e-6
4256	9	4256	4256	8.230614367188984	8.506514426356375	1.5064608298495658e-6
4272	9	4272	4272	8.091002653075346	8.383291893209272	1.5307260447331655e-6
4288	9	4288	4288	8.141149202450116	8.419820639613567	1.585545433751958e-6
4304	9	4304	4304	8.021859890462135	8.311901491352204	1.713208315533671e-6
4320	9	4320	4320	8.134100970903408	8.43248157345113	1.4881881986310838e-6
4336	9	4336	4336	8.118848422625994	8.43181933246295	1.5786859923240793e-6
4352	9	4352	4352	7.963754036719535	8.002604451101577	1.6061099962109517e-6
4368	9	4368	4368	8.06855831485525	8.165483958502854	1.5904971944410624e-6
4384	9	4384	4384	8.014286386430982	8.142375570713224	1.7394333442146624e-6
4400	9	4400	4400	7.878214220350745	7.97907763483635	1.7030230911331109e-6
4416	9	4416	4416	7.9222522027746605	8.029709781398871	1.5876315779411836e-6
4432	9	4432	4432	7.917859730468408	8.035909023670092	1.608198588415241e-6
4448	9	4448	4448	7.996419756232751	8.135533672539426	1.689481784998512e-6
4464	9	4464	4464	7.9912672741951525	8.11736238183699	1.690867367721932e-6
4480	9	4480	4480	7.8916515271584675	7.990169231136375	1.7266258382219229e-6
4496	9	4496	4496	8.01998456936899	8.126466726169554	1.9263443354222058e-6
4512	9	4512	4512	7.9771593159654515	8.068999050020386	1.5709631344433633e-6
4528	9	4528	4528	8.029866350470694	8.127926767148779	1.573246152235469e-6
4544	9	4544	4544	8.111356641610682	8.199820545635124	1.8244663908455666e-6
4560	9	4560	4560	8.107050860456631	8.18219057176619	1.6889210709224962e-6
4576	9	4576	4576	8.037344410993061	8.112078739400644	1.799059708974374e-6
4592	9	4592	4592	8.180202833091643	8.30186388653188	1.8162824672670467e-6
4608	9	4608	4608	8.111227604144727	8.165118077796214	1.7015770636993653e-6
4624	9	4624	4624	8.677380300543518	8.84871329448096	1.784680403007102e-6
4640	9	4640	4640	8.553783098062588	8.683175859435337	1.8719620817299578e-6
4656	9	4656	4656	8.568404442341997	8.721443453361289	1.857917343669306e-6
4672	9	4672	4672	8.43926169272343	8.573240442426775	1.737530466964084e-6
4688	9	4688	4688	8.487683331329556	8.67152691669544	1.772824321325351e-6
4704	9	4704	4704	8.461237381845859	8.657120080686775	1.846799280293778e-6
4720	9	4720	4720	8.439731310031963	8.647497654970879	1.8067888376398617e-6
4736	9	4736	4736	8.342088619394033	8.492710787220423	1.6893452179460385e-6
4752	9	4752	4752	8.371812659410088	8.571296155187063	1.8895697334969016e-6
4768	9	4768	4768	8.39727771549726	8.57224598764911	1.7734680629707087e-6
4784	9	4784	4784	8.396715777061468	8.5821045308777	1.8510850913370083e-6
4800	9	4800	4800	8.376736788779002	8.526307375354564	1.9135812214196508e-6
4816	9	4816	4816	8.333114763993317	8.482771810219345	1.811573471905087e-6
4832	9	4832	4832	8.237690522354193	8.349440346771898	1.9713764960959398e-6
4848	9	4848	4848	8.223980684012444	8.33538162568304	1.8679201415117015e-6
4864	9	4864	4864	8.043994235299882	8.095065699318193	1.7505574741659197e-6
4880	9	4880	4880	8.171050723008097	8.251680378747178	1.9097073131587554e-6
4896	9	4896	4896	8.228397244936664	8.331046515164022	1.856416293468526e-6
4912	9	4912	4912	8.236357271983037	8.335859564888251	2.0393599793350707e-6
### Coordinate 3 = 9 runs
32	32	9	32	1.841634610581006	1.8213438735177865	7.998578030009349e-13
48	48	9	48	3.353711790393013	3.2894705532421176	1.9984322342733034e-12
64	64	9	64	4.560682914759372	4.607712017998875	6.443145737332431e-12
80	80	9	80	5.5857253685027155	5.742771684945164	1.161387698550437e-11
96	96	9	96	6.684584852819698	6.765829883557314	1.8235312068794358e-11
112	112	9	112	7.240055793372133	7.485851636966432	2.5868689869326576e-11
128	128	9	128	7.905216319090763	8.255752757404402	3.716707713775131e-11
144	144	9	144	8.267942583732058	8.651816137780765	5.7972707620077154e-11
160	160	9	160	8.367076425834801	8.675188734303518	6.927102376477565e-11
176	176	9	176	8.610756341453998	8.798611330282469	1.040646365464476e-10
192	192	9	192	8.75993584031367	8.947874456393487	1.4867943600198082e-10
208	208	9	208	8.9230698718977	9.189410522216782	1.7465613825380016e-10
224	224	9	224	8.993189150436134	9.230269242757936	1.9862831242380632e-10
240	240	9	240	8.95475980722392	8.911427220765825	2.5317300666838283e-10
256	256	9	256	8.673053311080558	8.887676723537146	3.051351335866927e-10
272	272	9	272	8.554052491617528	8.718359651190195	3.572635962974431e-10
288	288	9	288	8.60578602431306	8.766706302021403	4.699896922020317e-10
304	304	9	304	8.789780848337537	8.90995179432244	5.194926736048359e-10
320	320	9	320	8.825620731015361	8.941149077361896	5.848213592487243e-10
336	336	9	336	9.068174363940212	9.170232016624512	6.791727425544776e-10
352	352	9	352	9.032952078540648	9.11030912043136	8.061879237126201e-10
368	368	9	368	9.146836772983114	9.18260240637078	1.0526276521767e-9
384	384	9	384	9.25343141527359	9.259403453689167	1.0655738668878801e-9
400	400	9	400	9.319679571294738	9.31061070170646	1.1657210408978277e-9
416	416	9	416	9.263702586841413	9.271105476039537	1.3531520735555853e-9
432	432	9	432	9.469187098665554	9.427650098086817	1.4357254670383692e-9
448	448	9	448	9.501705622900847	9.51732531764619	1.5928199632298193e-9
464	464	9	464	9.630800046720958	9.63574496652639	2.091113256292237e-9
480	480	9	480	10.33068041699361	10.261765077039943	1.9120408153248106e-9
496	496	9	496	10.491373254661049	10.284722907683893	2.203414176904569e-9
512	512	9	512	10.03023146563727	9.941244880416646	3.0581188287302916e-9
528	528	9	528	10.536452624815754	10.363599752584388	3.005877650264831e-9
544	544	9	544	10.490009885742868	10.294689300039714	2.8015365943100487e-9
560	560	9	560	10.493529380599576	10.279813882337944	3.1295753656209457e-9
576	576	9	576	10.526945917789964	10.385995179147203	3.556239190101974e-9
592	592	9	592	10.548616156641888	10.309777807921645	4.101549659236231e-9
608	608	9	608	10.866974953026206	10.649441356429163	3.905122428601493e-9
624	624	9	624	10.697346942669084	10.522617094076121	4.116700553893522e-9
640	640	9	640	10.654188995960316	10.495559587369398	4.323094575238402e-9
656	656	9	656	10.683342102740676	10.488041594454073	5.718365756818312e-9
672	672	9	672	10.719133661603706	10.6011855155819	5.827474296773536e-9
688	688	9	688	11.297966544451592	11.098487083645145	5.729279561033156e-9
704	704	9	704	10.916304669699691	10.758032870705904	6.8581217353514495e-9
720	720	9	720	10.931865629151641	10.820526438463707	6.221892540727724e-9
736	736	9	736	10.946136138984825	10.819427977303734	9.241967072446017e-9
752	752	9	752	10.969365416084516	10.778005781264891	8.244915353227944e-9
768	768	9	768	10.986915253395368	10.858559829647701	9.137212347268031e-9
784	784	9	784	11.265775184622317	11.080783760721426	9.595186862541851e-9
800	800	9	800	11.172382491169744	11.048616309464839	8.73362261224957e-9
816	816	9	816	11.280633501070376	11.211636880679878	9.721507140865483e-9
832	832	9	832	11.206853611974934	11.005117012975141	1.132916834831652e-8
848	848	9	848	11.309032593733578	11.213053148612975	1.1702237293844477e-8
864	864	9	864	11.326305035541878	11.17222800546766	1.2047298512369064e-8
880	880	9	880	11.361048601834336	11.21371723882164	1.2347572327141277e-8
896	896	9	896	11.246822534757449	11.128951841272507	1.317519829120658e-8
912	912	9	912	11.382526822859644	11.243464076829953	1.3635509526750658e-8
928	928	9	928	11.374863971810337	11.234804944055407	1.3848806269208005e-8
944	944	9	944	11.45898526518523	11.282622503420214	1.6239181094914163e-8
960	960	9	960	11.385946296176817	11.17817678766902	1.4748493511369367e-8
976	976	9	976	11.409845621700466	11.348867255653131	1.7106245212056207e-8
992	992	9	992	11.466166586506251	11.28876604387687	1.627101954073445e-8
1008	1008	9	1008	11.49293268122003	11.383290807395312	1.789504579962705e-8
1024	1024	9	1024	10.644102856775488	10.645930988931529	1.7749710157220668e-8
1040	1040	9	1040	10.782693457985335	10.672923530669415	1.842916042112634e-8
1056	1056	9	1056	10.791157168793005	10.71910322967724	2.1537306486819307e-8
1072	1072	9	1072	10.765693943510234	10.635942103504128	2.117319167710905e-8
1088	1088	9	1088	10.775897370151863	10.641041141822088	2.7285551177410028e-8
1104	1104	9	1104	10.850536055460731	10.728392354022912	2.476373429936797e-8
1120	1120	9	1120	10.789846671706568	10.704540654398677	2.4389843431090677e-8
1136	1136	9	1136	10.817382468465501	10.702126448948434	2.7287305066240997e-8
1152	1152	9	1152	11.142290016873515	11.01681332078593	2.6705773785013828e-8
1168	1168	9	1168	11.21357061295765	11.114007133847212	3.773159811069816e-8
1184	1184	9	1184	11.219894459196759	11.134101025121149	2.8506722807092517e-8
1200	1200	9	1200	11.269102204278997	11.118047976178552	3.008423973453206e-8
1216	1216	9	1216	11.21858785386057	11.061894230055895	2.997440220941164e-8
1232	1232	9	1232	11.247345766925617	11.113605494477333	3.1835653012113014e-8
1248	1248	9	1248	11.256115415538698	11.117969543147208	3.1425021818310095e-8
1264	1264	9	1264	11.326243828781434	11.14465797305265	3.525875908607349e-8
1280	1280	9	1280	11.31328506937305	11.20311167156047	3.503501654809302e-8
1296	1296	9	1296	11.63216860651004	11.493163349715342	4.7472870754834333e-8
1312	1312	9	1312	11.450615553619455	11.297064017575533	3.882546976384744e-8
1328	1328	9	1328	11.390697232981465	11.255879377100094	4.0514079152619895e-8
1344	1344	9	1344	11.306667964922744	11.153771845086503	4.8204835253158895e-8
1360	1360	9	1360	11.299428508785848	11.149930339727788	4.326724652414389e-8
1376	1376	9	1376	11.760371271523532	11.607286132568705	4.708154277885706e-8
1392	1392	9	1392	11.532459596822964	11.414324378278783	4.538719731652985e-8
1408	1408	9	1408	11.35712086267946	11.268056571502463	4.7693994844705454e-8
1424	1424	9	1424	11.421834373242717	11.279190493333683	4.801856853989183e-8
1440	1440	9	1440	11.278008400310558	11.160704541003287	5.625360128113595e-8
1456	1456	9	1456	11.834461404100754	11.748990752470759	5.3199007842753304e-8
1472	1472	9	1472	11.472140679655173	11.368490088306523	5.560912684883941e-8
1488	1488	9	1488	11.528128937027944	11.433221400122811	5.8844720931972146e-8
1504	1504	9	1504	11.393910697960242	11.305201491523032	6.000032586269422e-8
1520	1520	9	1520	11.46929206757768	11.325393041971454	7.622599341875244e-8
1536	1536	9	1536	11.010333045288839	10.943467135321509	6.043827875875448e-8
1552	1552	9	1552	11.408895437578275	11.298717929674154	7.49934274900026e-8
1568	1568	9	1568	11.310890153826533	11.212472774964153	7.016252066872287e-8
1584	1584	9	1584	11.412621680616462	11.34225149290353	7.187540799254437e-8
1600	1600	9	1600	11.34026948644305	11.232828526411591	7.562086972891508e-8
1616	1616	9	1616	11.366013964810149	11.315342709705188	8.284138349866105e-8
1632	1632	9	1632	11.37239874722846	11.280272524365643	8.417343006853576e-8
1648	1648	9	1648	11.391934692135061	11.305365624881842	9.085386157131501e-8
1664	1664	9	1664	11.240137109474459	11.15653707261412	7.906460378041481e-8
1680	1680	9	1680	11.415663168368292	11.330700226622033	9.008312082728775e-8
1696	1696	9	1696	11.336602506443903	11.2472191499181	8.952550185450163e-8
1712	1712	9	1712	11.356405126904193	11.249725084628302	8.543925014130872e-8
1728	1728	9	1728	11.333767514183892	11.210943347700987	8.64072287660165e-8
1744	1744	9	1744	11.341621946473738	11.269497686102907	8.846668321841892e-8
1760	1760	9	1760	11.346393151887801	11.295679245885049	1.0054018381824726e-7
1776	1776	9	1776	11.334354070997465	11.230536366060402	9.476772094520315e-8
1792	1792	9	1792	11.223046457705303	11.154480462352428	1.2606731249915242e-7
1808	1808	9	1808	11.321930500058304	11.222171701297235	9.492582723234113e-8
1824	1824	9	1824	11.31960741172548	11.21820537204291	1.0602617707630485e-7
1840	1840	9	1840	11.25743366024536	11.160480623249903	1.1544649851102876e-7
1856	1856	9	1856	11.201487865253894	11.105149702657917	1.2625938031635137e-7
1872	1872	9	1872	11.28549154190777	11.195697710947941	1.16656401168808e-7
1888	1888	9	1888	11.30072582591098	11.19603640669269	1.2160793776578883e-7
1904	1904	9	1904	11.242053698324844	11.164735567658756	1.4100937708938003e-7
1920	1920	9	1920	11.15378971366675	11.072388136970142	1.2602140065309412e-7
1936	1936	9	1936	11.227770078918898	11.133295537909442	1.1858596344296436e-7
1952	1952	9	1952	11.099064762358498	10.986415367259875	1.303797033637572e-7
1968	1968	9	1968	11.633449974714582	11.501400215940693	1.239690358496557e-7
1984	1984	9	1984	11.356116053150439	11.24343318806009	1.3637800306658602e-7
2000	2000	9	2000	11.240004299301644	11.144589595844552	1.3529243577150398e-7
2016	2016	9	2016	11.027410550944635	10.948416588907255	1.5079752562752843e-7
2032	2032	9	2032	11.047541894595899	10.95831259303645	1.5433220970205593e-7
2048	2048	9	2048	10.551927178362822	10.193435626197303	1.5749375363624197e-7
2064	2064	9	2064	11.377060339494038	11.299273402952656	1.4633313339731449e-7
2080	2080	9	2080	11.143266118326371	11.061956456273887	1.547019028824307e-7
2096	2096	9	2096	11.063583657329783	10.98788840575904	1.5907871525547474e-7
2112	2112	9	2112	10.971636967283558	10.89862763674613	1.6763567851660357e-7
2128	2128	9	2128	10.956618205243753	10.83065835275781	2.1839303386456767e-7
2144	2144	9	2144	11.285206305162706	11.170215368332093	1.7452462289700367e-7
2160	2160	9	2160	11.209912148256151	11.085472295625268	1.6800425048076214e-7
2176	2176	9	2176	11.068103072962778	10.920136408224264	1.8435328349448254e-7
2192	2192	9	2192	11.15612424577293	10.959802781326674	1.8758959204783172e-7
2208	2208	9	2208	11.154851268123506	10.968185485408103	2.0503788808247198e-7
2224	2224	9	2224	11.182459983320102	10.957440140245518	1.858224853185698e-7
2240	2240	9	2240	11.136619734895408	10.87036337510985	1.9607837873713308e-7
2256	2256	9	2256	11.208122751510992	10.945978249784977	2.1104335169876268e-7
2272	2272	9	2272	11.190055950453175	10.867219074042604	1.9836965881698368e-7
2288	2288	9	2288	11.206251402208652	10.893202068632299	2.330001990397021e-7
2304	2304	9	2304	11.09190957918612	10.846313480026634	2.0538592742820836e-7
2320	2320	9	2320	11.209067011936487	10.87195824848079	2.2722398078949234e-7
2336	2336	9	2336	11.239945880710646	10.843788717071533	2.165029546299549e-7
2352	2352	9	2352	11.220755196433672	10.797920017489341	2.754026321746432e-7
2368	2368	9	2368	11.173220923978727	10.742247591542357	2.2339114437473607e-7
2384	2384	9	2384	11.213701685800613	10.751678836313005	2.2378222716622536e-7
2400	2400	9	2400	11.268690669006775	10.783573023760471	2.2926016655384207e-7
2416	2416	9	2416	11.26965413071884	10.73260002877567	2.807342873967193e-7
2432	2432	9	2432	11.195548248419424	10.69487203686776	2.953243791389031e-7
2448	2448	9	2448	11.345854772953894	10.7475167794396	2.4439022788972167e-7
2464	2464	9	2464	11.27688205357656	10.625179947080866	2.677228444134796e-7
2480	2480	9	2480	11.284675184564302	10.598010068220612	2.8799277749951014e-7
2496	2496	9	2496	11.23089929537655	10.578784431548396	2.616113127878494e-7
2512	2512	9	2512	11.33334228032958	10.619640875839524	2.6803610935309625e-7
2528	2528	9	2528	11.249931676931467	10.572055892681155	2.6118949492025597e-7
2544	2544	9	2544	11.345537841233359	10.662868747918818	2.9611691976401067e-7
2560	2560	9	2560	10.840814502059635	10.143054150020037	2.7785535310266146e-7
2576	2576	9	2576	11.307537623601675	10.512999370684458	3.339082049741629e-7
2592	2592	9	2592	11.259013774078266	10.563435326924234	3.2753363386128774e-7
2608	2608	9	2608	11.29751675538292	10.487431203242393	2.9067159811029615e-7
2624	2624	9	2624	11.20884018353711	10.362071021834783	2.9197519719991327e-7
2640	2640	9	2640	11.153129629901278	10.311629898587857	3.1033661018344155e-7
2656	2656	9	2656	11.509909093616077	10.495608378348612	4.194224811840877e-7
2672	2672	9	2672	11.35486757647852	10.518072852702021	3.7010047551215544e-7
2688	2688	9	2688	11.213859239010542	10.410533469412258	3.19670135694831e-7
2704	2704	9	2704	11.124046401820229	10.190548392509411	3.8784420968023425e-7
2720	2720	9	2720	11.130178496215862	10.288404947722519	4.129721924343499e-7
2736	2736	9	2736	11.7969836219895	10.639573559615988	3.781714414463511e-7
2752	2752	9	2752	11.476209710210346	10.574000629368454	3.8092281630348475e-7
2768	2768	9	2768	11.343411799710767	10.494403004879063	3.476585662944661e-7
2784	2784	9	2784	11.166411268300509	10.347873324861899	3.708723942684576e-7
2800	2800	9	2800	11.07990917332391	10.270861586784795	4.212681730937777e-7
2816	2816	9	2816	11.230057700052017	10.414526551067748	3.891844128034393e-7
2832	2832	9	2832	11.434543856737944	10.528812410698858	4.238581310033953e-7
2848	2848	9	2848	11.301790704508967	10.43892776816923	4.0493961502849197e-7
2864	2864	9	2864	11.351044672181294	10.501669353344164	3.9870900004404823e-7
2880	2880	9	2880	11.275259870455406	10.367680689834309	4.0285272752152764e-7
2896	2896	9	2896	11.328769312399249	10.462855859677138	4.546727635264816e-7
2912	2912	9	2912	11.344307756339745	10.436397131257964	4.4606426083651445e-7
2928	2928	9	2928	11.350133520112673	10.406460344926355	4.3998961046873636e-7
2944	2944	9	2944	11.237387471942267	10.406448393448109	4.3475042810483135e-7
2960	2960	9	2960	11.396425371363089	10.446996194147086	4.3747768916125994e-7
2976	2976	9	2976	11.437824113564938	10.487768322549742	4.473144483063474e-7
2992	2992	9	2992	11.373747460157563	10.428171704816823	4.873081406793148e-7
3008	3008	9	3008	11.259030072086691	10.316402335958415	4.820109447965437e-7
3024	3024	9	3024	11.346290988058856	10.385375355726325	5.032665465812537e-7
3040	3040	9	3040	11.358486878855794	10.42074948750967	5.346149533282397e-7
3056	3056	9	3056	11.354693822467	10.379995530113062	4.883228532190843e-7
3072	3072	9	3072	10.584880545740134	10.09316155974707	4.771156664642229e-7
3088	3088	9	3088	11.323762291191748	10.286822947492302	5.398710563075529e-7
3104	3104	9	3104	11.31580269334036	10.313404804022536	5.472126442714167e-7
3120	3120	9	3120	11.421022684182674	10.31082677061101	6.039950911831654e-7
3136	3136	9	3136	11.25324942071688	10.18567779915942	6.206110305867247e-7
3152	3152	9	3152	11.352499513891098	10.309366655938305	5.392000306173383e-7
3168	3168	9	3168	11.358475490301487	10.304524037306463	6.191222056326822e-7
3184	3184	9	3184	11.368146851551295	10.30259623083035	5.45520160933297e-7
3200	3200	9	3200	11.289889127004361	10.269554923272937	5.78742377726284e-7
3216	3216	9	3216	11.389415757448656	10.299186851450834	6.941806106463655e-7
3232	3232	9	3232	11.352024932274945	10.256457878581323	6.194607936809194e-7
3248	3248	9	3248	11.410796978286108	10.268733993216586	6.340608996143702e-7
3264	3264	9	3264	11.369332305685658	10.179075673086778	6.63920040372983e-7
3280	3280	9	3280	11.220184131553857	10.260833106133102	5.877966269980635e-7
3296	3296	9	3296	11.322174115846556	10.245629242572505	6.386712194684178e-7
3312	3312	9	3312	11.204265388549691	10.161528717569109	6.060425567216439e-7
3328	3328	9	3328	11.243429348811357	10.195008805292352	6.258066721138185e-7
3344	3344	9	3344	11.56115523530399	10.333572520657052	6.780241821233601e-7
3360	3360	9	3360	11.318750498680144	10.206439611630259	6.553596587289125e-7
3376	3376	9	3376	11.17124699764876	10.054402971456245	7.880112116402701e-7
3392	3392	9	3392	11.079844049053662	9.974518115752781	6.591875919737995e-7
3408	3408	9	3408	11.109106428365592	10.00120898367872	7.13420143766956e-7
3424	3424	9	3424	11.5363711752602	10.29450444616089	7.675969756246587e-7
3440	3440	9	3440	11.39005816311752	10.177287214920542	7.198368946371044e-7
3456	3456	9	3456	11.244281509903509	10.092695638098647	8.799137952157606e-7
3472	3472	9	3472	11.145822370860962	9.993947609571073	6.732906682756257e-7
3488	3488	9	3488	11.085010038439302	9.956516433504436	7.914213258518697e-7
3504	3504	9	3504	11.727884398629106	10.422975867883375	7.088730743748053e-7
3520	3520	9	3520	11.334830669896752	10.130129489961584	7.512694104088047e-7
3536	3536	9	3536	11.328937689700247	10.133144495307924	7.348291512864305e-7
3552	3552	9	3552	11.309751334861698	10.100597921604649	7.911463304984077e-7
3568	3568	9	3568	11.332233612282483	10.144577806545557	7.779105607250555e-7
3584	3584	9	3584	10.89389547084065	9.850522372359796	8.45070295807274e-7
3600	3600	9	3600	11.36401943340854	10.1032713888633	7.623441327935773e-7
3616	3616	9	3616	11.30496800351717	10.009394000067704	8.692939979538651e-7
3632	3632	9	3632	11.365728689201745	10.056214915493948	8.301326411329659e-7
3648	3648	9	3648	11.309548286176353	10.034721003449176	8.138487158880851e-7
3664	3664	9	3664	11.353705699237937	10.059578560130749	8.627003433088928e-7
3680	3680	9	3680	11.248008950669274	9.99906311288374	8.664562713714433e-7
3696	3696	9	3696	11.353050416064992	10.064830301764616	8.545236081290301e-7
3712	3712	9	3712	11.20397617143072	9.92222561647411	9.152306954465239e-7
3728	3728	9	3728	11.268795824553273	9.978832074336887	8.391527779882742e-7
3744	3744	9	3744	11.26537135580806	9.988550616394503	1.0448639290313337e-6
3760	3760	9	3760	11.248774180715102	9.950367771945713	1.2074375391624518e-6
3776	3776	9	3776	11.192453294432388	9.922481540849063	1.124628696619617e-6
3792	3792	9	3792	11.215313959609935	9.92675487116266	9.865735256525216e-7
3808	3808	9	3808	11.199954104378769	9.940081521710672	1.0039467286724153e-6
3824	3824	9	3824	11.17837496847485	9.88409386926744	1.019062783290116e-6
3840	3840	9	3840	11.15168159242609	9.85238614704191	9.916008644438484e-7
3856	3856	9	3856	11.136046447327901	9.824981016307163	1.0348826318551876e-6
3872	3872	9	3872	11.166019091303315	9.8442380092631	1.0271452556606061e-6
3888	3888	9	3888	11.174841297792778	9.865821097419246	1.1643944058317302e-6
3904	3904	9	3904	11.138303657852376	9.854284037347888	9.965501876186826e-7
3920	3920	9	3920	11.205245312537885	9.853471070102321	1.0083452998391878e-6
3936	3936	9	3936	11.224005931713688	9.874399525404575	1.1037708888018018e-6
3952	3952	9	3952	11.252315548613552	9.892973784837077	1.1482776798520998e-6
3968	3968	9	3968	11.186556795618632	9.845210844242999	1.058035117286007e-6
3984	3984	9	3984	11.209996831819153	9.855086997432164	1.2764399356533914e-6
4000	4000	9	4000	11.138604383922631	9.772836025605441	1.2410910298974528e-6
4016	4016	9	4016	11.680086015670245	10.162365064736163	1.0669179141585907e-6
4032	4032	9	4032	11.456678326940462	10.017089713266852	1.1848235135823956e-6
4048	4048	9	4048	11.301404626022935	9.890035036030051	1.5025746829225884e-6
4064	4064	9	4064	11.159005330044897	9.79415270856966	1.211837134497207e-6
4080	4080	9	4080	11.15730085733747	9.647333815621893	1.2646355819707177e-6
4096	4096	9	4096	10.32570388141332	10.265179471088294	1.3268357132866438e-6
4112	4112	9	4112	11.535576101608681	9.923151779358543	1.2118416973386257e-6
4128	4128	9	4128	11.35391820080876	9.956680133569463	1.198962614627241e-6
4144	4144	9	4144	11.208300116155272	9.870425656795547	1.2912976413421575e-6
4160	4160	9	4160	11.135856003992167	9.840147607521144	1.2449575350640447e-6
4176	4176	9	4176	11.106033645488333	9.759529473017732	1.4327678189066416e-6
4192	4192	9	4192	11.412946473954996	10.012717300951095	1.3360357938103153e-6
4208	4208	9	4208	11.302815955922773	9.972068450158751	1.3091030017352522e-6
4224	4224	9	4224	11.139741404433808	9.815871488649108	1.341651547889179e-6
4240	4240	9	4240	11.230226181976509	9.899802968722065	1.594043676539397e-6
4256	4256	9	4256	11.173171720533535	9.93771117571418	1.4398464621755545e-6
4272	4272	9	4272	11.188946197045007	9.887503498441092	1.4424503107274926e-6
4288	4288	9	4288	11.139626852699488	9.867535992141391	1.4478050460090273e-6
4304	4304	9	4304	11.139731261922782	9.863463938843589	1.3440031077375371e-6
4320	4320	9	4320	11.132126330535238	9.895735929063758	1.416404778231403e-6
4336	4336	9	4336	11.123354223031294	9.891421481661691	1.616986006299852e-6
4352	4352	9	4352	11.064024000602858	9.825970804826806	1.4769676616393164e-6
4368	4368	9	4368	11.083669107956352	9.794108388182428	1.4996431436193574e-6
4384	4384	9	4384	11.07562584531834	9.823179133791193	1.652853965229836e-6
4400	4400	9	4400	11.064697395227096	9.806309626347186	1.5647344561183835e-6
4416	4416	9	4416	11.039132186276557	9.817748350305534	1.486921605692156e-6
4432	4432	9	4432	11.07802240164301	9.802011974561145	1.5954561478092556e-6
4448	4448	9	4448	11.136832036904298	9.87807502609111	1.5980103898932656e-6
4464	4464	9	4464	11.170121323778886	9.890803196066834	1.4949814674008705e-6
4480	4480	9	4480	11.099140313044758	9.896875223782008	1.6218597589433033e-6
4496	4496	9	4496	11.239136524672027	9.971700746113394	1.5024035906139616e-6
4512	4512	9	4512	11.155221765405376	9.906067654651455	1.839958977575751e-6
4528	4528	9	4528	11.27007326018736	9.980305689328254	1.6642455582552491e-6
4544	4544	9	4544	11.236687955521367	9.976706557796863	1.7700699433098736e-6
4560	4560	9	4560	11.304169857199101	10.045100791570253	1.892307962879676e-6
4576	4576	9	4576	11.246822731876556	10.027927299409878	1.6074878542624121e-6
4592	4592	9	4592	11.313410151856331	10.090875433065582	1.566527204785271e-6
4608	4608	9	4608	10.856033078970858	9.856056928440958	1.645303900621295e-6
4624	4624	9	4624	11.365009195529819	10.072620268909406	1.9780280772319588e-6
4640	4640	9	4640	11.307794479978634	10.093747085677213	2.3260457642067114e-6
4656	4656	9	4656	11.355680166045918	10.100515610019972	2.4502661980789833e-6
4672	4672	9	4672	11.249044137701434	9.981660587322413	1.6697785265165746e-6
4688	4688	9	4688	11.193360474561446	9.93651074773782	1.763083418238392e-6
4704	4704	9	4704	11.582387523522627	10.328166951799716	1.9438460275489795e-6
4720	4720	9	4720	11.440004756170383	10.196613570365175	1.8403421881127358e-6
4736	4736	9	4736	11.284777256932934	10.081280407383733	1.9240820109024985e-6
4752	4752	9	4752	11.140424198956083	9.97792495543354	1.7704096752162122e-6
4768	4768	9	4768	11.09018763571856	9.954581184510722	1.817998679636359e-6
4784	4784	9	4784	11.815229751058363	10.514092236114116	1.8275880865252892e-6
4800	4800	9	4800	11.520749488758408	10.288793651224855	1.920400246947591e-6
4816	4816	9	4816	11.352798678636672	10.153427483408665	1.902396599536681e-6
4832	4832	9	4832	11.131249319142414	10.003875148092357	2.5305261460869114e-6
4848	4848	9	4848	11.10976772162914	9.973905226441225	2.0053144163519e-6
4864	4864	9	4864	11.16860558944412	10.075836634723515	2.048921517316171e-6
4880	4880	9	4880	11.392349353133618	10.218487260341956	2.0058050633629026e-6
4896	4896	9	4896	11.251498828634613	10.106115116949777	2.1941592227528825e-6
4912	4912	9	4912	11.26592426551577	10.114655639510653	2.081594084267702e-6
### Coordinate 4 = 9 runs
32	32	32	9	3.9544127342940563	3.783194413156116	9.235962357520249e-13
48	48	48	9	9.796941439761284	8.929018221376122	2.8124570410120625e-12
64	64	64	9	14.86307940847521	13.783299144905156	6.8060351382408795e-12
80	80	80	9	19.657986919984122	17.909696893472518	1.2328602417006512e-11
96	96	96	9	24.934101186565144	22.73657499324491	2.4606832554979852e-11
112	112	112	9	27.597050882280747	25.437609458927238	3.170212050087389e-11
128	128	128	9	30.588825292995367	27.78616391129157	5.386789014650584e-11
144	144	144	9	32.60444371364561	29.686332120032564	8.547314882504528e-11
160	160	160	9	33.82986542807322	30.791019760370368	9.392046663142963e-11
176	176	176	9	35.15702550322395	31.90806031314729	1.2554980586528397e-10
192	192	192	9	37.68817092182529	33.84265875598611	1.7515271781610096e-10
208	208	208	9	38.015958276052665	34.36730301089045	2.32090502798915e-10
224	224	224	9	38.35066345191819	34.80088110972197	2.657468193174234e-10
240	240	240	9	39.8310380164463	35.60339392013663	2.968019988383623e-10
256	256	256	9	38.67593087475503	36.01711778692358	4.011026307805942e-10
272	272	272	9	39.750371652853765	36.01491909009488	5.052470232260303e-10
288	288	288	9	41.05515881679447	37.066653224926704	5.485512323494408e-10
304	304	304	9	40.933496635951904	37.326860603385924	7.394678539408284e-10
320	320	320	9	41.70000396086664	37.900113060450785	7.708738885564195e-10
336	336	336	9	42.52611948853953	38.88742510007873	9.369049210840298e-10
352	352	352	9	42.654989219277326	39.513397694090436	1.188990323327918e-9
368	368	368	9	42.78539400935658	39.354408489261814	1.3007491349758664e-9
384	384	384	9	43.57337048773803	40.15211882213021	1.5288516664308025e-9
400	400	400	9	43.75390301663905	40.41249897332244	1.4992004287416964e-9
416	416	416	9	43.848840356615234	40.45851160856426	1.7372939156354303e-9
432	432	432	9	44.76973239726228	41.2280595238453	1.8807470823409397e-9
448	448	448	9	44.698567158185696	41.643047894051044	2.4130305090617637e-9
464	464	464	9	44.83223430129011	39.91961902021618	2.1463458346406635e-9
480	480	480	9	45.49905430397197	40.51387421545578	2.3570958527980505e-9
496	496	496	9	45.38032544011268	40.46261758490066	2.849835724478e-9
512	512	512	9	43.71744115197871	39.828819248663024	3.353261453391435e-9
528	528	528	9	45.21476324293371	42.34626592436411	3.626201797084073e-9
544	544	544	9	45.322448364665284	42.46710292172386	4.074224425254766e-9
560	560	560	9	45.37511794292535	42.57661963328517	4.356154165928714e-9
576	576	576	9	45.90813876258111	43.08900227745324	4.931360452823436e-9
592	592	592	9	45.71918656613151	42.92570183890843	5.104217804095723e-9
608	608	608	9	45.809523962549434	43.08601412690031	5.299535020368376e-9
624	624	624	9	46.148016094090835	43.40585187822869	5.672186480406594e-9
640	640	640	9	46.29017451036935	43.67097143985521	5.622766646079736e-9
656	656	656	9	46.16637748162268	43.407373385685894	6.373007909993813e-9
672	672	672	9	46.858425036489024	44.07964613439669	7.527378160663191e-9
688	688	688	9	46.76793429937036	43.99530764039307	7.482345199315536e-9
704	704	704	9	46.820576985821305	44.29690367866631	8.42082004393521e-9
720	720	720	9	47.20434549139779	44.62103826904467	9.193125656992027e-9
736	736	736	9	47.2563731904741	42.68725543312124	9.587139259052131e-9
752	752	752	9	47.175013809439925	42.684986904834524	1.0553580259815266e-8
768	768	768	9	46.27608803673303	42.83997090802493	1.1255320856881565e-8
784	784	784	9	46.65245666060774	42.162780101233636	1.1261941457407328e-8
800	800	800	9	46.746974506665296	42.416500195529935	1.2681257320704144e-8
816	816	816	9	47.093296440393075	42.71052847642245	1.3055265973794265e-8
832	832	832	9	47.115453746949164	42.767199982956605	1.337928125158993e-8
848	848	848	9	47.03543012613972	42.780356632015305	1.4132239899152468e-8
864	864	864	9	47.48012415382287	43.25088173750289	1.453863782441901e-8
880	880	880	9	47.35107417131256	43.114946840272125	1.4939537926914578e-8
896	896	896	9	47.48865691626953	44.92984763644884	1.596461166759248e-8
912	912	912	9	47.90158303493704	44.54003376800548	1.688283077220349e-8
928	928	928	9	47.8798671517098	45.39859773573955	1.673356362832874e-8
944	944	944	9	47.8052629253241	45.324730778330384	1.7282578919952585e-8
960	960	960	9	48.211422511387326	45.89340706862886	1.899514955823191e-8
976	976	976	9	48.093465884394526	45.698570109347585	1.996785789541643e-8
992	992	992	9	48.092835637620446	45.88424282489303	2.1479336714863248e-8
1008	1008	1008	9	48.26816611958403	46.10137535146129	2.478689706464331e-8
1024	1024	1024	9	46.17831771285512	45.141076850588725	2.4954731471634024e-8
1040	1040	1040	9	47.43677773630759	44.84289215640746	2.69578775813282e-8
1056	1056	1056	9	47.84385342041983	45.462559072873276	2.8246013412121906e-8
1072	1072	1072	9	47.766500944578794	45.42917929809428	2.9138036460033514e-8
1088	1088	1088	9	47.862890324533424	45.649451508992264	3.083885602044882e-8
1104	1104	1104	9	48.13046829062767	45.854513614437266	3.1306848514772225e-8
1120	1120	1120	9	48.0629672024553	45.920112577778205	3.663644001550776e-8
1136	1136	1136	9	48.05708185820978	45.88590522327805	3.623378969576615e-8
1152	1152	1152	9	48.1995638861712	46.084815662561155	3.622331533965754e-8
1168	1168	1168	9	48.25298821413806	45.802250486186125	3.725035631240674e-8
1184	1184	1184	9	48.327813291512385	46.206228021128865	3.778372213127145e-8
1200	1200	1200	9	48.49826045752099	46.38873518140957	3.976141415230608e-8
1216	1216	1216	9	48.47107167711541	46.43219881959632	3.9991670753891734e-8
1232	1232	1232	9	48.39342510372549	46.330418240083226	4.735342578034371e-8
1248	1248	1248	9	48.70165638353864	46.66727930432381	4.682993529080242e-8
1264	1264	1264	9	47.29430478761394	46.48119399666868	4.7763633224628574e-8
1280	1280	1280	9	47.67509221807699	46.604492846812384	4.644095955236009e-8
1296	1296	1296	9	47.855754877977965	45.671784705443095	4.982072551712323e-8
1312	1312	1312	9	47.75950467041281	45.81251345766697	4.782771582556902e-8
1328	1328	1328	9	48.06421978702229	46.11673399479225	4.810911592605163e-8
1344	1344	1344	9	48.137235201984694	46.267346305758515	5.6669036782424246e-8
1360	1360	1360	9	48.09725083566306	46.22642499743639	5.482679662601467e-8
1376	1376	1376	9	47.94137195092382	46.07983895497864	6.949409686828056e-8
1392	1392	1392	9	47.90721823321971	46.102353502834	7.052482088756369e-8
1408	1408	1408	9	48.670689385129506	46.900088647907296	6.271836973323413e-8
1424	1424	1424	9	48.18296188193255	46.58576660733045	6.414177869237895e-8
1440	1440	1440	9	48.75322837494026	46.94594845620393	7.82885898536805e-8
1456	1456	1456	9	48.332802039818496	46.71347079202375	7.283618366024419e-8
1472	1472	1472	9	48.44465677451812	47.07574563858816	7.547700103342216e-8
1488	1488	1488	9	49.11427374626133	47.33253178028003	8.105382818951807e-8
1504	1504	1504	9	48.68959415005038	47.363512964370564	8.314597117436265e-8
1520	1520	1520	9	48.04077668162735	47.28799818874439	8.957778898011057e-8
1536	1536	1536	9	47.733199202593354	46.957881887844756	8.844408428016563e-8
1552	1552	1552	9	48.59185603092872	46.669910865622114	9.267771053844292e-8
1568	1568	1568	9	48.63657861414949	46.83963509288117	9.439954711804955e-8
1584	1584	1584	9	48.84869652081905	47.12457314968511	9.620330038511158e-8
1600	1600	1600	9	48.76114684203968	47.10959722914996	9.971378366657335e-8
1616	1616	1616	9	48.76023832884186	47.056776660099764	1.0548924138436154e-7
1632	1632	1632	9	49.00233273179325	47.2719174369409	1.0023109068726783e-7
1648	1648	1648	9	48.89886810643827	47.224387355596	1.1078775895403179e-7
1664	1664	1664	9	48.932426688210455	47.34362383688121	1.1099332518403827e-7
1680	1680	1680	9	48.7604858854578	47.41389203817503	1.1814750069386888e-7
1696	1696	1696	9	49.19165204515846	47.55398259802404	1.308779548761187e-7
1712	1712	1712	9	49.07637473716936	47.48710557490944	1.1800242002415546e-7
1728	1728	1728	9	49.31536480597082	47.75088604881935	1.2333037216361747e-7
1744	1744	1744	9	49.150784192970775	47.58079227623444	1.2064222645442145e-7
1760	1760	1760	9	49.223509673350826	47.664194314820854	1.225759915574992e-7
1776	1776	1776	9	48.56176803794563	47.85751266172065	1.385845074444668e-7
1792	1792	1792	9	48.71540654428561	47.778287409446726	1.2543998070634419e-7
1808	1808	1808	9	48.794280975370214	47.06368581157213	1.398729001719094e-7
1824	1824	1824	9	48.851506459525154	47.351687339365355	1.39453505362052e-7
1840	1840	1840	9	48.88244149927918	47.36296228364831	1.3510398097346987e-7
1856	1856	1856	9	49.010158280936466	47.49391327460626	1.3513587636949327e-7
1872	1872	1872	9	49.12038051875711	47.585166696669624	1.4127621658675745e-7
1888	1888	1888	9	49.084749968487884	47.64779748866467	1.3950694584011056e-7
1904	1904	1904	9	48.77485866604303	47.545148552335675	1.383944640805813e-7
1920	1920	1920	9	49.348443130663284	47.85240717611119	1.4685948575629152e-7
1936	1936	1936	9	49.13850420992616	47.67580389065028	1.602247043390821e-7
1952	1952	1952	9	49.16276087100129	47.68587836715824	1.6654553500241242e-7
1968	1968	1968	9	48.986276729434934	47.61229584865425	1.591494104368957e-7
1984	1984	1984	9	49.20049434311088	47.87498753191679	1.7888910342187462e-7
2000	2000	2000	9	48.74357358275065	47.71669314326588	1.7843943667564017e-7
2016	2016	2016	9	49.34264624911727	47.93886327639709	1.9204675426245272e-7
2032	2032	2032	9	48.21265644006267	47.720193282418016	2.0458223321033262e-7
2048	2048	2048	9	46.64255608880654	46.259829638975745	2.0257657581519843e-7
2064	2064	2064	9	47.407386335499154	46.7016477428306	2.4070454897124997e-7
2080	2080	2080	9	47.60535960254626	46.97405175791932	2.3580169858205243e-7
2096	2096	2096	9	47.85560953648176	47.626158058402105	2.2460181549097072e-7
2112	2112	2112	9	48.297531842137474	47.743579684967976	2.2288205136306923e-7
2128	2128	2128	9	48.195729326357004	47.55504070507028	2.3487569431689167e-7
2144	2144	2144	9	48.10488772710375	47.48707225319973	2.415983416317941e-7
2160	2160	2160	9	48.33250519562473	47.74949052085793	2.410556272613452e-7
2176	2176	2176	9	48.60543754499831	48.00417688648025	2.473161247488116e-7
2192	2192	2192	9	48.587334912437335	47.87928568046622	2.617393410873527e-7
2208	2208	2208	9	48.79230559148807	48.20208242412898	2.557917760702154e-7
2224	2224	2224	9	48.693489045358014	48.1135478248474	2.6472342476776224e-7
2240	2240	2240	9	48.69185336528572	48.16722723058274	3.2154611553087865e-7
2256	2256	2256	9	48.74031380362687	48.162466127368134	2.811379647337367e-7
2272	2272	2272	9	48.11861708767328	48.199976050012566	2.748853443316609e-7
2288	2288	2288	9	48.27276011936979	48.22614521036932	2.9841514029686964e-7
2304	2304	2304	9	48.35325448150917	47.91224935413166	2.8958516639289695e-7
2320	2320	2320	9	48.57718408301402	47.682971518834115	2.9074460349771983e-7
2336	2336	2336	9	48.55608935371952	47.73829269771637	2.9934705449465083e-7
2352	2352	2352	9	48.48970839419348	47.955071243533034	3.04109621934999e-7
2368	2368	2368	9	48.67938156483005	48.053442935715005	3.2190097451005426e-7
2384	2384	2384	9	48.59320806018105	47.93717527460971	3.231471257511095e-7
2400	2400	2400	9	48.8614298994358	48.14401385414446	3.2656836370847856e-7
2416	2416	2416	9	48.78597912809134	48.03056216591646	3.67955813940483e-7
2432	2432	2432	9	48.64560539805673	47.930995951734666	3.463894032196825e-7
2448	2448	2448	9	48.89832061760581	48.24997380123759	3.55685979118169e-7
2464	2464	2464	9	48.81182995778197	48.28559669374674	3.4760453264111367e-7
2480	2480	2480	9	48.83781575114036	48.28008043939597	3.5467864653431014e-7
2496	2496	2496	9	49.03042265011803	48.410645323475705	3.59259720231659e-7
2512	2512	2512	9	49.00375899382527	48.44799095285934	3.577321421766362e-7
2528	2528	2528	9	48.37550408222252	48.41901736369257	3.714660967215361e-7
2544	2544	2544	9	48.64300348858645	48.52454082777426	3.728126842018378e-7
2560	2560	2560	9	48.049968273010656	46.57111715258538	3.605767227103702e-7
2576	2576	2576	9	48.76680767298119	47.99152874926019	4.044680437866504e-7
2592	2592	2592	9	48.915178382020486	48.20045954172806	3.986003499277732e-7
2608	2608	2608	9	48.688060725479446	48.141606505158165	3.7614221047164584e-7
2624	2624	2624	9	48.7717862300373	47.8750838864566	3.9581812037059943e-7
2640	2640	2640	9	48.715842977059445	47.92253598082982	4.027609433440272e-7
2656	2656	2656	9	48.44036087174619	47.45091348755707	3.93502523996147e-7
2672	2672	2672	9	48.24355352485202	47.39303516234344	5.070409971480484e-7
2688	2688	2688	9	48.98361367737728	48.137634661813294	3.957170331100051e-7
2704	2704	2704	9	48.60214231103996	47.4199660196279	4.2708020310192483e-7
2720	2720	2720	9	48.66459215534068	47.05654101950347	4.3012762826394677e-7
2736	2736	2736	9	47.97894119412124	46.23658206613706	4.2400525076658644e-7
2752	2752	2752	9	48.33638952363693	47.11247407587585	4.4646233642665705e-7
2768	2768	2768	9	48.5227713078405	47.88411932914273	4.6119372237699014e-7
2784	2784	2784	9	48.31016048328884	47.66721018126434	5.380139356629835e-7
2800	2800	2800	9	48.315854689503624	47.243623887246486	4.93839009427098e-7
2816	2816	2816	9	48.64264587828746	47.34748900502904	5.136108900571284e-7
2832	2832	2832	9	48.41042447266913	47.229445006828975	5.126268823245837e-7
2848	2848	2848	9	48.83189643371887	48.06844609037203	5.509030848804828e-7
2864	2864	2864	9	48.79124672801366	48.27833738668768	5.405330754096568e-7
2880	2880	2880	9	49.019624954639625	48.388542288072045	5.509259137318139e-7
2896	2896	2896	9	48.984665287069106	48.36936425084299	5.58687984907013e-7
2912	2912	2912	9	48.731984465087606	48.46297122759374	5.619511202647593e-7
2928	2928	2928	9	49.15182018195903	48.43904524054411	6.037025167127824e-7
2944	2944	2944	9	49.08831819082949	48.20143230561134	7.037397776192352e-7
2960	2960	2960	9	49.12594589899627	48.520112113074646	6.650549660450003e-7
2976	2976	2976	9	49.33544258413169	48.66874928823447	6.240556228068081e-7
2992	2992	2992	9	49.20431448222521	48.6458314660816	6.816823203301983e-7
3008	3008	3008	9	49.173629111983495	48.52996527735296	7.04636468893061e-7
3024	3024	3024	9	49.296087171573944	48.73368099622165	6.4351424700621e-7
3040	3040	3040	9	48.83438527437805	48.651586906481675	6.719452037780249e-7
3056	3056	3056	9	48.909124962920295	48.5782396947176	7.177869297608725e-7
3072	3072	3072	9	48.27345085037174	46.042183810598914	7.372534445163949e-7
3088	3088	3088	9	49.04436428246728	48.192989971360504	7.348872816368015e-7
3104	3104	3104	9	49.09998453563694	48.216794418679754	7.222098820824792e-7
3120	3120	3120	9	48.91518283195135	48.32524375017936	7.254602340626091e-7
3136	3136	3136	9	49.08582179099142	48.1274534076127	7.711587119199505e-7
3152	3152	3152	9	49.12373980714735	48.10511475620267	7.577858805232759e-7
3168	3168	3168	9	49.25628860732454	48.20604796193014	7.568020304244516e-7
3184	3184	3184	9	49.252747008681055	48.03160733996911	7.521593132421084e-7
3200	3200	3200	9	49.157588444213644	47.45125746559356	7.92508998223497e-7
3216	3216	3216	9	49.31075424528761	48.127032294940506	8.044142056180874e-7
3232	3232	3232	9	49.36476248059426	48.029178240452445	8.633641567734696e-7
3248	3248	3248	9	49.24792431832402	48.01529639419568	7.892935468085665e-7
3264	3264	3264	9	49.38601446693074	48.141570727619055	8.192828332238799e-7
3280	3280	3280	9	48.7989494326076	48.04464290341085	8.824943616160647e-7
3296	3296	3296	9	48.908681358463625	47.297847535104864	9.013903580067788e-7
3312	3312	3312	9	48.933399213774074	46.51542203569616	8.369212054613011e-7
3328	3328	3328	9	49.14344462450228	46.57191284488812	8.371745600773315e-7
3344	3344	3344	9	48.34729951262772	45.4458276572874	9.504647657683382e-7
3360	3360	3360	9	48.62869540732032	46.63034532854086	8.647559547644676e-7
3376	3376	3376	9	48.981468649194994	46.57654376825143	8.714313219316867e-7
3392	3392	3392	9	48.88866477697068	45.717583145691755	8.790274195307955e-7
3408	3408	3408	9	48.87497731465932	45.69350660206309	9.00296579821827e-7
3424	3424	3424	9	48.86662521874629	45.82236688652695	1.0072868264167683e-6
3440	3440	3440	9	48.38663303396151	45.60992581188136	9.166854394106504e-7
3456	3456	3456	9	49.342406444978835	46.7414709614296	9.265489540318267e-7
3472	3472	3472	9	48.95741882649575	45.586996960352515	9.198964002995557e-7
3488	3488	3488	9	49.00218764879503	45.504910660534506	1.050418332451738e-6
3504	3504	3504	9	48.87565483664339	45.943897441981065	9.985081071427824e-7
3520	3520	3520	9	49.14187417003196	46.28507223438525	9.461600260671432e-7
3536	3536	3536	9	48.780990732706286	46.909995884242825	1.0063490965709483e-6
3552	3552	3552	9	48.947019617931524	47.1212275792132	1.067078664916459e-6
3568	3568	3568	9	49.128302617260836	47.08207763463121	1.009004522335035e-6
3584	3584	3584	9	48.64168592707359	45.62704042574953	1.1744860210437744e-6
3600	3600	3600	9	49.3484191035032	46.9652578370403	1.0418132488864137e-6
3616	3616	3616	9	49.36352217944228	46.7830984221051	1.0722702290816593e-6
3632	3632	3632	9	49.32981286175161	46.75825389436393	1.0686349270447153e-6
3648	3648	3648	9	49.40237987919059	46.52497469197985	1.0407945420418696e-6
3664	3664	3664	9	49.3631035453182	46.50774719961597	1.040572843341366e-6
3680	3680	3680	9	49.36373844693854	46.465305058776444	1.09233141014402e-6
3696	3696	3696	9	49.4139053826315	46.45645636490105	1.0924846503352287e-6
3712	3712	3712	9	49.394244609714974	46.30593903725743	1.097675766736079e-6
3728	3728	3728	9	49.37255431337667	46.39802830442372	1.1695857993884233e-6
3744	3744	3744	9	49.519249759157105	46.54409703019335	1.2244118821426687e-6
3760	3760	3760	9	49.40096511085804	46.50128339583846	1.1298386172705122e-6
3776	3776	3776	9	49.437661501487874	46.41396608303693	1.2392148920859581e-6
3792	3792	3792	9	49.02855621564998	46.39436564034976	1.1103204924091726e-6
3808	3808	3808	9	48.98739527944637	46.50644747534703	1.1135128879762384e-6
3824	3824	3824	9	49.24634344691839	46.3709186091879	1.1775276698414208e-6
3840	3840	3840	9	49.358820553959156	46.10318595205141	1.233582014548387e-6
3856	3856	3856	9	49.26777233433073	45.83999998481244	1.1731725971265646e-6
3872	3872	3872	9	49.05806601136827	45.83684889930544	1.2276968866918458e-6
3888	3888	3888	9	49.28357298266972	45.81081846712821	1.3446046877833915e-6
3904	3904	3904	9	49.336472544843666	45.83433520788672	1.2475468271630848e-6
3920	3920	3920	9	49.28505496318687	45.77076193163918	1.4496340278249116e-6
3936	3936	3936	9	49.465759207655715	45.88704700324441	1.2715646941307385e-6
3952	3952	3952	9	49.38660615155858	45.76407355223282	1.5351371691947127e-6
3968	3968	3968	9	49.353422796356206	45.70082880342381	1.5122797498441825e-6
3984	3984	3984	9	49.288239307021456	45.050309924965994	1.4385614993277987e-6
4000	4000	4000	9	49.147748981818054	44.624083605469096	1.3925499388137552e-6
4016	4016	4016	9	48.6085467803597	44.20301380622573	1.5237313968328901e-6
4032	4032	4032	9	48.87663544517876	44.511321302020455	1.5024932162606824e-6
4048	4048	4048	9	48.76818431843864	45.05335917509796	1.572935177139623e-6
4064	4064	4064	9	48.89541710515336	44.26332194357972	1.4944904075070253e-6
4080	4080	4080	9	48.92169159116107	43.4919849570183	1.8884604009164692e-6
4096	4096	4096	9	47.00939179988297	44.355338356530154	1.5623840420320413e-6
4112	4112	4112	9	47.847162593260954	42.97863238593469	1.5832549508743682e-6
4128	4128	4128	9	48.334479726348945	43.862369722776414	1.6145555995480798e-6
4144	4144	4144	9	48.930035901483585	44.55756142744796	1.7677964650864698e-6
4160	4160	4160	9	48.74433998503363	44.21162997175131	1.712309940684611e-6
4176	4176	4176	9	48.80848679608999	44.00524899757826	1.7425092658882721e-6
4192	4192	4192	9	48.47733065083302	44.156064249803094	1.8027037344705866e-6
4208	4208	4208	9	48.60646558132739	44.74513500877866	1.6988978003434825e-6
4224	4224	4224	9	49.082720004513696	45.546845673874	1.9600674291131462e-6
4240	4240	4240	9	49.077034438639856	45.32713486146494	1.8231737802297792e-6
4256	4256	4256	9	49.13938880059648	45.39250067987925	1.8706327401458725e-6
4272	4272	4272	9	49.09243359682943	45.45348317785174	1.983317405717639e-6
4288	4288	4288	9	48.667020122805845	45.51906480960822	1.872182620314942e-6
4304	4304	4304	9	48.75147901872842	45.405734700291625	1.9820251155508878e-6
4320	4320	4320	9	48.82567411641968	45.560525784138584	1.934695722480586e-6
4336	4336	4336	9	48.932783986350096	45.51456033820604	1.9538162111020174e-6
4352	4352	4352	9	48.99950263651058	45.779581603878206	1.99170164413323e-6
4368	4368	4368	9	49.087362752752824	45.339094415224544	1.9806303869425127e-6
4384	4384	4384	9	49.03225463869179	45.359852135009895	2.105230732370164e-6
4400	4400	4400	9	48.940910505427304	45.28743145435348	2.098382814253743e-6
4416	4416	4416	9	49.08239452155982	45.497994278755726	2.0654517551180776e-6
4432	4432	4432	9	48.9851988939847	45.43442090207653	2.1000785081279384e-6
4448	4448	4448	9	49.125340038134766	45.535292351436894	2.0587049298444104e-6
4464	4464	4464	9	49.10631147857759	45.5269355351381	2.2497268382791177e-6
4480	4480	4480	9	49.090745348144836	45.77571283161406	2.1487482837638655e-6
4496	4496	4496	9	49.0906415849085	45.56781585875385	2.3646153620787506e-6
4512	4512	4512	9	49.19959040714606	45.63310481037572	2.498045346768272e-6
4528	4528	4528	9	49.16738974436631	45.62006387583159	2.3308241166102767e-6
4544	4544	4544	9	48.83196049849509	45.683866473864434	2.2323823483043694e-6
4560	4560	4560	9	48.96985729435825	45.71128880345154	2.3701316012477298e-6
4576	4576	4576	9	48.953610193004295	45.70806910995401	2.5383302272978417e-6
4592	4592	4592	9	48.920650370758786	45.703806837969935	2.210364198997667e-6
4608	4608	4608	9	48.51878038149505	45.41653732667698	2.425508019925612e-6
4624	4624	4624	9	49.2204496814997	45.62515292649207	2.415554900111925e-6
4640	4640	4640	9	49.229890110316454	45.695761257465264	2.477863477370438e-6
4656	4656	4656	9	48.99696021565154	45.67216728101083	2.3933018726580807e-6
4672	4672	4672	9	49.14547423461798	45.36738899843258	2.501899251145371e-6
4688	4688	4688	9	48.94121326508127	44.81263219752271	2.417457240547888e-6
4704	4704	4704	9	48.71151104033974	44.53966201702999	2.4285171455831207e-6
4720	4720	4720	9	48.60032695696541	44.62841073465278	2.445745289357883e-6
4736	4736	4736	9	49.26499829007319	46.133235418961	2.652797766834472e-6
4752	4752	4752	9	48.93188526912571	45.144210845712756	2.5683114233590662e-6
4768	4768	4768	9	48.93388367593677	45.00688670452033	2.598693062597374e-6
4784	4784	4784	9	48.79078680130263	44.88417415280041	2.519652907001115e-6
4800	4800	4800	9	48.46200208953177	45.02250124850088	2.555893955205858e-6
4816	4816	4816	9	48.579090750970124	45.297940750694465	2.6588344477330507e-6
4832	4832	4832	9	48.87302498714989	45.27382713150152	2.8260102293675148e-6
4848	4848	4848	9	48.885314122335195	44.80815328455641	2.7355238138442443e-6
4864	4864	4864	9	49.23085623571094	46.24167562497007	2.7784173075374472e-6
4880	4880	4880	9	48.71333621088833	44.928249819177545	2.742126824306833e-6
4896	4896	4896	9	49.2037863410019	45.804055107776044	2.871768760892012e-6
4912	4912	4912	9	49.28332808110302	45.9218635577186	2.722815163346862e-6
# Flush value 25669140480
