8	8	8	8	0.3970531213648701	0.14280733561118472	2.3832327871173822e-14
16	16	16	16	0.9826665866970551	0.9572889278410751	3.694822225952521e-13
24	24	24	24	3.1249505510031086	2.9617568291376544	1.2138432625796794e-12
32	32	32	32	5.45496920259697	5.171717171717171	3.6237400878483704e-12
40	40	40	40	8.214870198632994	7.903917996850783	7.290154618149881e-12
48	48	48	48	12.55193939221973	11.92495147724822	1.5109660785889127e-11
56	56	56	56	14.66613775393031	13.918170830774109	2.8413522799043327e-11
64	64	64	64	16.964504125546025	16.09702030978953	4.4925724197049816e-11
72	72	72	72	21.24862303061355	19.934468255557782	7.570143514998495e-11
80	80	80	80	21.999742190521207	20.752480063230212	1.1624466648696731e-10
88	88	88	88	23.613232962863503	22.2171436023245	1.8663930442388896e-10
96	96	96	96	26.750803141511646	25.35332593043665	2.214091954331225e-10
104	104	104	104	27.320594325130088	25.54796216173247	3.3846891454924503e-10
112	112	112	112	28.132741280655996	26.44719701818456	4.346128705384931e-10
120	120	120	120	30.89272465607709	29.145372666093206	5.622766646079735e-10
128	128	128	128	30.206467921457353	28.55813003424821	6.997035397316392e-10
136	136	136	136	30.228033070563356	28.519505109054577	9.78339016086632e-10
144	144	144	144	32.51590140638016	30.881715981839054	1.192546987937989e-9
152	152	152	152	32.4516871271941	30.841518009067656	1.32478385660111e-9
160	160	160	160	32.055031978729104	31.254113261823775	1.705742704460002e-9
168	168	168	168	34.43150923666782	33.3973016661208	2.2065233696513887e-9
176	176	176	176	34.44822444079363	33.58897408330432	2.45302304459101e-9
184	184	184	184	34.30216112561895	33.44399362741874	3.067383572053024e-9
192	192	192	192	36.377591809515735	35.14238900529279	3.439673851871434e-9
200	200	200	200	35.368300055815595	33.61288045579066	4.110136871205114e-9
208	208	208	208	35.728151330984915	34.02026151512431	4.760233755284192e-9
216	216	216	216	37.515748211033376	35.78184064741592	6.013164096579401e-9
224	224	224	224	37.41177782456339	35.74584798967007	6.604966685410721e-9
232	232	232	232	37.204356786977606	35.59420529459175	7.501339397200855e-9
240	240	240	240	39.18281273583135	37.73013293157729	8.079760102303994e-9
248	248	248	248	38.52719107253815	37.01549128122494	8.950362451852032e-9
256	256	256	256	38.65700158063788	36.86925449885589	1.074053588758297e-8
264	264	264	264	40.152371641556535	38.662559412993325	1.3324342600837812e-8
272	272	272	272	39.7268347380962	38.30791927860152	1.5135782736488623e-8
280	280	280	280	39.56300826286909	38.25036635110811	1.6351276883929445e-8
288	288	288	288	41.08197090642056	39.68419596834782	1.8126430105559454e-8
296	296	296	296	40.66220810772037	39.22222906988306	1.959930686814241e-8
304	304	304	304	40.769023367720536	39.28950850816939	2.0922395349027854e-8
312	312	312	312	41.95828738374163	40.617538801126194	2.2162982521415247e-8
320	320	320	320	41.03231946305363	40.086968462769114	2.5232869947592417e-8
328	328	328	328	40.86264728190698	40.00865308084599	3.203600749898118e-8
336	336	336	336	42.19784444566811	41.35151323389821	3.36856941998132e-8
344	344	344	344	41.5737948015885	40.72240695613203	3.7944966531290414e-8
352	352	352	352	41.617950959775655	40.93034395157904	4.146739255803299e-8
360	360	360	360	42.88247118328451	42.19753504025209	4.3767206883092156e-8
368	368	368	368	42.53754617172146	41.83438927967181	4.705483691024651e-8
376	376	376	376	42.10145081347883	41.56613865837805	5.110195057577143e-8
384	384	384	384	43.46579156447546	42.70983175534236	5.617542917714389e-8
392	392	392	392	42.50295903810667	41.23288586894301	5.734066191002281e-8
400	400	400	400	42.51301047580362	41.357648830588246	5.7991191560577e-8
408	408	408	408	43.556471497583914	42.41755401785142	7.034722735184975e-8
416	416	416	416	43.1810697694017	42.05387694540951	7.653862540164722e-8
424	424	424	424	43.05360772598089	41.908350356447656	8.181868914737329e-8
432	432	432	432	44.08522905609575	42.9694659967142	8.870572522126628e-8
440	440	440	440	43.627029460434066	42.53817325901238	1.004534044209408e-7
448	448	448	448	43.47567543783728	42.457140266843965	1.0406670293865952e-7
456	456	456	456	44.427245786779594	43.28671621738219	1.1429115352513228e-7
464	464	464	464	44.31420895924936	43.25926477647378	1.179585393297576e-7
472	472	472	472	43.636526911008666	43.10167556180912	1.2571474944447331e-7
480	480	480	480	44.657599629791605	44.11962709436279	1.3041509237896742e-7
488	488	488	488	44.14793440012339	43.53181810392207	1.3534010929077568e-7
496	496	496	496	44.127273532716934	43.5278564212085	1.3516696212088119e-7
504	504	504	504	44.94341274915538	44.26496592065406	1.4719316850048555e-7
512	512	512	512	44.176925624622264	42.96319089838427	1.6303998032424624e-7
520	520	520	520	44.632823463022774	43.78890433299411	1.8312511263026065e-7
528	528	528	528	45.4650392303576	44.76736559624186	2.088074228690184e-7
536	536	536	536	45.13329337035954	44.286473507928015	2.171559876470219e-7
544	544	544	544	44.972299392609685	44.18582127198941	2.18850897123406e-7
552	552	552	552	45.933159487474455	45.02811951673038	2.5169154116839336e-7
560	560	560	560	45.63408810461363	44.684003973358955	2.6358896915429347e-7
568	568	568	568	45.46188659314139	44.533575867597676	2.721374921549801e-7
576	576	576	576	46.05720017554967	45.02115024656117	2.9369017803208676e-7
584	584	584	584	45.39560049911372	43.86037929902498	2.889262243392868e-7
592	592	592	592	45.24079390162557	43.90311801481641	3.0303925714544016e-7
600	600	600	600	46.12421775008308	44.673894530519256	3.3022444965031594e-7
608	608	608	608	45.63877265991237	44.11369463804554	3.504100413466919e-7
616	616	616	616	45.58967480052985	44.02801693387469	3.4830468209451623e-7
624	624	624	624	46.35639278284884	44.7556662711697	3.55047722922261e-7
632	632	632	632	41.80966460640418	44.34343116643452	3.61492350465861e-7
640	640	640	640	41.629536288121415	44.18767676686801	3.725290298461914e-7
648	648	648	648	42.52751995183613	44.75174679812099	4.2261115720324774e-7
656	656	656	656	42.33126399535992	44.42038442615434	4.770262955904356e-7
664	664	664	664	42.307804274323935	44.241973287140105	4.93780167681421e-7
672	672	672	672	42.85630834736742	44.67332382079983	5.346018725314483e-7
680	680	680	680	42.75635522169528	44.35126548689355	5.483394483749167e-7
688	688	688	688	42.76503804489617	44.30487996172205	5.789081945964415e-7
696	696	696	696	43.38976852576652	44.780416519915434	6.066506860421668e-7
704	704	704	704	43.09557298023273	44.445620273160436	6.555558367100322e-7
712	712	712	712	43.06603387978094	44.2501841540081	6.78054003959187e-7
720	720	720	720	43.80364104387364	44.788666708645636	6.888866611250526e-7
728	728	728	728	43.431924925700905	42.82667733887945	7.047792428961675e-7
736	736	736	736	43.323444658686476	42.998734670767824	7.391298903727436e-7
744	744	744	744	43.90785966570257	43.56075048780057	7.69198027427503e-7
752	752	752	752	43.70048011963145	43.334419226888556	7.928569570424235e-7
760	760	760	760	43.49273052085442	42.901503244823466	8.347726392220742e-7
768	768	768	768	43.627489282013876	42.87708656248401	8.402821479038954e-7
776	776	776	776	43.829518514215216	41.94407187215677	8.546923391652328e-7
784	784	784	784	43.68288821222913	42.0948550954384	8.885344509914946e-7
792	792	792	792	44.10236711962994	42.115511408255095	8.853895187430306e-7
800	800	800	800	43.986817357026304	42.08641771838186	9.667971681960592e-7
808	808	808	808	43.874708662053884	41.790545211406965	9.330197605670446e-7
816	816	816	816	44.56028700434063	42.41186402078994	1.0094368192219704e-6
824	824	824	824	43.86317854252261	41.913523482356474	1.1863280394419074e-6
832	832	832	832	43.809590995249465	42.010866994127234	1.172490366801408e-6
840	840	840	840	44.305168532673854	42.25573221838459	1.3034683754257747e-6
848	848	848	848	44.209512933734345	42.309284274468595	1.3383491012359206e-6
856	856	856	856	43.7981453302661	42.36437289403453	1.3646364315652013e-6
864	864	864	864	44.50439411622724	43.05173456814969	1.5170670156746371e-6
872	872	872	872	44.33389696133493	43.23067666288479	1.5048881808232882e-6
880	880	880	880	44.455672073922734	43.30940266062848	1.5791364524988219e-6
888	888	888	888	44.884808573243895	44.585920973364324	1.6047312253514763e-6
896	896	896	896	44.4152984572077	42.876104025658314	1.6815549415400649e-6
904	904	904	904	44.844899771096316	44.79949992830692	1.770810385643399e-6
912	912	912	912	45.34331234205338	44.93180840925561	1.8036099837001734e-6
920	920	920	920	44.89469230417761	44.410902077770146	1.839418434912621e-6
928	928	928	928	44.79077428995564	44.04208903321311	1.9025987942260247e-6
936	936	936	936	45.19394153532316	44.11894064455821	1.991996012122708e-6
944	944	944	944	44.91339822754538	44.057379962074506	1.990128040616428e-6
952	952	952	952	44.603667260183634	43.648612196587656	2.0442850851322117e-6
960	960	960	960	44.99047252236191	43.69003666712559	2.0690625855576733e-6
968	968	968	968	44.66919628497389	42.011074487843985	2.177686306538744e-6
976	976	976	976	44.764388254874156	41.877057486780885	2.1583806044415844e-6
984	984	984	984	45.06072723476249	42.08083171445219	2.1979339041589588e-6
992	992	992	992	45.13162612291876	42.77261351097078	2.2844384076621064e-6
1000	1000	1000	1000	45.0531195990813	43.0219777235426	2.277734004240477e-6
1008	1008	1008	1008	45.72494936015241	43.924320741191664	2.290287146472085e-6
1016	1016	1016	1016	45.09136919395689	43.312816816384235	2.3938403565722543e-6
1024	1024	1024	1024	44.01678237924788	41.66123914718881	2.4751407378539258e-6
1032	1032	1032	1032	45.83019554639261	45.673106165087326	2.7450814643994733e-6
1040	1040	1040	1040	45.81243333803222	45.36742396942293	2.8545351402520647e-6
1048	1048	1048	1048	45.421103651173404	44.73808196856601	2.968249969059263e-6
1056	1056	1056	1056	45.91542176636894	44.97542247637526	3.159081317148315e-6
1064	1064	1064	1064	45.50532777394333	44.149631000320085	3.320184702107415e-6
1072	1072	1072	1072	45.540090298318624	43.95578618083775	3.4615945898934086e-6
1080	1080	1080	1080	45.802594606640426	43.76063929526762	3.5074750656093563e-6
1088	1088	1088	1088	45.48841583330682	42.91275971190076	3.694586586231452e-6
1096	1096	1096	1096	45.151883429344146	42.70405942025613	3.8206298339110996e-6
1104	1104	1104	1104	45.70366760732831	43.211274323721774	3.952123940900826e-6
1112	1112	1112	1112	45.39497821223365	42.88851500118868	4.081612747225691e-6
1120	1120	1120	1120	45.48277130756695	43.487329885890745	4.027478173048051e-6
1128	1128	1128	1128	45.86188332186772	44.17362307769317	4.199854679156725e-6
1136	1136	1136	1136	45.82744606777213	44.323134602088636	4.407293953690497e-6
1144	1144	1144	1144	45.64316271622723	44.12126329421043	4.324880741670779e-6
1152	1152	1152	1152	45.96561520055133	43.53063169578149	4.489554433579096e-6
1160	1160	1160	1160	46.15252150892195	44.3230960084194	4.67564151988782e-6
1168	1168	1168	1168	46.02431999407068	43.67710258108457	4.7292820771115516e-6
1176	1176	1176	1176	46.16929737327525	43.363417015761534	4.829976431333652e-6
1184	1184	1184	1184	46.11967410724498	42.95014376921097	4.992489458380921e-6
1192	1192	1192	1192	46.00054048947922	42.793378081385036	4.947634326155799e-6
1200	1200	1200	1200	46.47483814139135	43.15931856581135	5.13848130340573e-6
1208	1208	1208	1208	45.93150412198811	42.71110945113797	5.269220003418992e-6
1216	1216	1216	1216	45.913167600756495	42.772000404539575	5.350471453915955e-6
1224	1224	1224	1224	46.249836265470485	43.03968047738702	5.3054830578502814e-6
1232	1232	1232	1232	46.231875956377145	43.12630614228584	5.46651286752448e-6
1240	1240	1240	1240	46.02115150490843	42.92233220596843	5.460070951100313e-6
1248	1248	1248	1248	46.417386396770745	43.27913922168822	5.7845685909826085e-6
1256	1256	1256	1256	43.9754682793108	42.90273245284854	5.72338451805968e-6
1264	1264	1264	1264	44.0818794173962	43.03962083813984	5.921369729589755e-6
1272	1272	1272	1272	44.31544995934697	43.285019303662395	5.930980387493149e-6
1280	1280	1280	1280	43.76985294170976	42.92021834554285	5.957781664755415e-6
1288	1288	1288	1288	44.20768187655985	43.05669922316901	6.168072843916069e-6
1296	1296	1296	1296	44.67989801455479	43.50031598086192	6.316457927251981e-6
1304	1304	1304	1304	44.39701324327852	43.21144143313624	6.917991469142004e-6
1312	1312	1312	1312	44.39123438540656	43.40008531359583	7.354836400180253e-6
1320	1320	1320	1320	44.708259458993666	43.60977853864206	7.237271713551014e-6
1328	1328	1328	1328	44.720120444411585	43.56934960854219	7.394339964915037e-6
1336	1336	1336	1336	44.4986601675485	43.358519442004095	7.977007878960368e-6
1344	1344	1344	1344	44.82382052921126	43.81576506807892	8.486391184702974e-6
1352	1352	1352	1352	44.706027461552495	42.5329512189286	8.544383520331405e-6
1360	1360	1360	1360	44.809234551187274	42.73022439650475	8.913784451508433e-6
1368	1368	1368	1368	44.77623945577722	42.69607163351345	9.253945033996419e-6
1376	1376	1376	1376	44.720796866488364	42.91651160485263	9.285611699163861e-6
1384	1384	1384	1384	44.62259528999099	42.804900964470235	9.844109042377657e-6
1392	1392	1392	1392	45.07514879086308	43.23404249862447	9.892844892484506e-6
1400	1400	1400	1400	44.780440817337535	42.95857826330852	9.882604686370145e-6
1408	1408	1408	1408	44.57182869025772	42.99980478541957	1.0106591057363185e-5
1416	1416	1416	1416	44.87060180021295	43.233736393101054	1.0314144182605869e-5
1424	1424	1424	1424	44.99007179274755	43.28954995960841	1.0503321062051415e-5
1432	1432	1432	1432	44.73128538086385	43.1769942825021	1.1064852202517834e-5
1440	1440	1440	1440	45.11390078307711	43.56865371773854	1.1238083928733551e-5
1448	1448	1448	1448	44.73116796972582	43.26047252798295	1.1350420967274411e-5
1456	1456	1456	1456	44.967699010405255	43.37973757032729	1.1309539603476144e-5
1464	1464	1464	1464	45.075961282889715	43.50407741887459	1.1527413480471474e-5
1472	1472	1472	1472	44.978816198794846	43.52161337964978	1.190963597642056e-5
1480	1480	1480	1480	44.92457870016437	43.35026412177737	1.2290522557259265e-5
1488	1488	1488	1488	45.31696642548036	43.719964014672826	1.225071216170018e-5
1496	1496	1496	1496	45.10537293715092	43.445120898211954	1.230374000180876e-5
1504	1504	1504	1504	45.06227442952453	43.57898869605218	1.2685641298404542e-5
1512	1512	1512	1512	45.371173436175724	43.803795174342454	1.2720460717199209e-5
1520	1520	1520	1520	45.38706108473129	43.945039906533346	1.2810146167151846e-5
1528	1528	1528	1528	45.184220081395495	43.69144976637939	1.3412468887618062e-5
1536	1536	1536	1536	44.755928616176746	43.72388789155177	1.3323971418133609e-5
1544	1544	1544	1544	45.33071463936155	42.869182666722295	1.3588976674548873e-5
1552	1552	1552	1552	45.433823950475144	43.12940123115854	1.358577364658718e-5
1560	1560	1560	1560	45.553001192671516	43.05158897941007	1.4260777169299592e-5
1568	1568	1568	1568	45.33902775789113	43.18765765742578	1.4048563152207589e-5
1576	1576	1576	1576	45.20887171351361	42.97983649328769	1.4060254359607222e-5
1584	1584	1584	1584	45.679573247958785	43.505716202087626	1.4384151952909954e-5
1592	1592	1592	1592	45.400367087879346	43.23535305002008	1.4723282322938403e-5
1600	1600	1600	1600	45.40650247554539	43.32115592139652	1.4574493565028674e-5
1608	1608	1608	1608	45.660029885742844	43.47563451803322	1.4924359145838648e-5
1616	1616	1616	1616	45.677213805194036	43.49904161908915	1.5086246447335315e-5
1624	1624	1624	1624	45.508246749392924	43.35082681270806	1.5772581731153165e-5
1632	1632	1632	1632	45.83120372356575	43.66897905611293	1.577925323807738e-5
1640	1640	1640	1640	45.39283689778738	43.23197508442312	1.7160548850073925e-5
1648	1648	1648	1648	45.65093374648368	43.52439682459792	1.7905020998245147e-5
1656	1656	1656	1656	45.72807606733999	43.631821064420436	1.8142737454443482e-5
1664	1664	1664	1664	45.63948808511557	43.59986967759503	1.846176297657089e-5
1672	1672	1672	1672	45.5276443408173	43.45287050103123	1.923005099834596e-5
1680	1680	1680	1680	46.04223026986411	43.9092276374904	1.9953049899044047e-5
1688	1688	1688	1688	45.674822728876535	43.57644914343646	2.004524674510984e-5
1696	1696	1696	1696	45.66766465579008	43.69697166484631	2.1151084241135146e-5
1704	1704	1704	1704	45.938703253716405	43.893586884177374	2.1884565922396953e-5
1712	1712	1712	1712	45.93120787621167	43.921316833481896	2.2322556196842707e-5
1720	1720	1720	1720	45.64691446288577	43.7326617798001	2.3013337138273256e-5
1728	1728	1728	1728	45.89176529402511	43.98186421832277	2.2888028372794567e-5
1736	1736	1736	1736	45.8005101525731	42.897855501724955	2.3358101331110568e-5
1744	1744	1744	1744	45.87038507048009	43.07429578971428	2.4035531433894893e-5
1752	1752	1752	1752	46.019466147439786	43.27609583600143	2.4520846664445197e-5
1760	1760	1760	1760	45.93252941490348	43.29084770571572	2.55697673774521e-5
1768	1768	1768	1768	45.84677626370286	43.23623718953642	2.537527310763057e-5
1776	1776	1776	1776	46.20874012743554	43.54807176552975	2.574617094230902e-5
1784	1784	1784	1784	45.9342099152502	43.31389379822344	2.5940623454110043e-5
1792	1792	1792	1792	45.477140427917206	43.09101551102923	2.6771909078402486e-5
1800	1800	1800	1800	46.14828496777243	43.550782682501726	2.7143682990302587e-5
1808	1808	1808	1808	46.18706339563332	43.59331577323819	2.7247864220810568e-5
1816	1816	1816	1816	45.98511740883846	43.42990153163951	2.7954197130673673e-5
1824	1824	1824	1824	46.238181144646084	43.75606736958027	2.8368179305245022e-5
1832	1832	1832	1832	45.96785209903485	43.57238033791461	2.8811062809223506e-5
1840	1840	1840	1840	46.086786560569	43.699071063182764	2.8834112698553657e-5
1848	1848	1848	1848	46.17969938344044	43.7558732739842	2.9434316172912958e-5
1856	1856	1856	1856	46.092395151332624	43.68290102158144	3.0440005136481088e-5
1864	1864	1864	1864	45.99059740953443	43.512942879919976	3.0238300449686774e-5
1872	1872	1872	1872	46.37824491711082	43.830586907495594	3.074010958017287e-5
1880	1880	1880	1880	44.45806539391673	43.469539511143275	3.0969245025390305e-5
1888	1888	1888	1888	44.671295333726626	44.11105789142909	3.158101354416958e-5
1896	1896	1896	1896	44.91113243857516	44.802960891520904	3.171381618539567e-5
1904	1904	1904	1904	45.08079473940039	45.41474944683022	3.221216106688386e-5
1912	1912	1912	1912	44.80112659815526	45.25535232248727	3.234165821174118e-5
1920	1920	1920	1920	45.027677239237796	43.87785548919193	3.2720452788354335e-5
1928	1928	1928	1928	45.001663219912835	45.516452364978704	3.3282563297057495e-5
1936	1936	1936	1936	45.24883095938645	45.691849849046164	3.347887364269792e-5
1944	1944	1944	1944	45.15586532480718	45.31813540634482	3.4071341329267056e-5
1952	1952	1952	1952	45.124557134139	44.812978868955	3.415304536549353e-5
1960	1960	1960	1960	45.02795425282787	44.57918971403185	3.417285606514448e-5
1968	1968	1968	1968	45.37339515480318	44.72078595464176	3.4890361735599584e-5
1976	1976	1976	1976	45.05395305181739	44.105858271692114	3.525109599518019e-5
1984	1984	1984	1984	45.01498717280571	43.40905133859333	3.559011257821616e-5
1992	1992	1992	1992	45.08578761590777	43.42358817317837	3.6246142695180526e-5
2000	2000	2000	2000	45.08265530099866	43.41902552010755	3.636581908795311e-5
2008	2008	2008	2008	44.83067450806299	43.15949880661604	3.654868167765115e-5
2016	2016	2016	2016	45.33103199503602	44.420369479191876	3.7119244172102454e-5
2024	2024	2024	2024	45.304001455044265	44.94242892792638	3.706479262663378e-5
2032	2032	2032	2032	45.45122770449763	45.4970195931688	3.754941240922682e-5
2040	2040	2040	2040	45.37028190565595	45.1185778699152	3.761478134053125e-5
2048	2048	2048	2048	43.72893131650759	42.94692118970842	4.071970169905889e-5
2056	2056	2056	2056	45.70480246159961	46.804814897434944	4.093502762252302e-5
2064	2064	2064	2064	46.10321931105563	47.26972869528209	4.301576818581747e-5
2072	2072	2072	2072	45.65268857109873	46.72122965149639	4.373080311101277e-5
2080	2080	2080	2080	45.61113901709893	46.495670514000146	4.356606197216337e-5
2088	2088	2088	2088	45.541788420714816	46.04088791369433	4.6889121922876015e-5
2096	2096	2096	2096	45.67507176194548	45.738404792854624	4.890385846316721e-5
2104	2104	2104	2104	45.39482813407429	45.022221872898776	4.75042661985705e-5
2112	2112	2112	2112	45.55162797743248	44.13212747765898	5.001025059672528e-5
2120	2120	2120	2120	45.339735800467054	43.0990290146055	5.2802045493379436e-5
2128	2128	2128	2128	45.42388870087055	43.14511205974867	5.16280831007395e-5
2136	2136	2136	2136	45.47349075084753	43.16604671792625	5.180435784040246e-5
2144	2144	2144	2144	45.61057009222235	43.94188450412309	5.36375571506817e-5
2152	2152	2152	2152	45.61558097345853	44.49654020283581	5.467692317739245e-5
2160	2160	2160	2160	46.03868838183895	45.27088106713396	5.614314598381619e-5
2168	2168	2168	2168	45.728106361514826	44.881964352466845	5.590064120155179e-5
2176	2176	2176	2176	45.51933914777033	43.39801736185375	5.8923886885774806e-5
2184	2184	2184	2184	46.11652066973071	46.12588251259939	6.0361114941755184e-5
2192	2192	2192	2192	45.97727483455839	45.499012638304436	5.864915321605189e-5
2200	2200	2200	2200	45.6398457395931	44.60500164475184	6.03721791668564e-5
2208	2208	2208	2208	45.80015212132437	44.24200194418972	6.137310564520805e-5
2216	2216	2216	2216	45.648629263305565	44.10732072604182	6.1015013075440576e-5
2224	2224	2224	2224	45.79109492335311	43.870587424261345	6.292884400259023e-5
2232	2232	2232	2232	45.851738643014166	43.86625340148765	6.453683107388908e-5
2240	2240	2240	2240	45.74260199879165	43.67698477690472	6.560995995426838e-5
2248	2248	2248	2248	45.6660379559255	43.64783697856615	6.695657997637773e-5
2256	2256	2256	2256	46.03600897292142	43.97165152997421	6.755980744908078e-5
2264	2264	2264	2264	45.718611177766	43.71606600644385	6.761521058897755e-5
2272	2272	2272	2272	45.73788123524154	43.88736676648437	6.930080074260803e-5
2280	2280	2280	2280	45.895643865360576	43.98750871646193	7.062000973847584e-5
2288	2288	2288	2288	45.92954808645639	43.97357482474603	7.014177754146605e-5
2296	2296	2296	2296	45.74160368826903	43.843194849469874	7.155308591688294e-5
2304	2304	2304	2304	45.492072058942625	43.51397283708946	7.185156364778028e-5
2312	2312	2312	2312	45.83415150280926	43.24043926942512	7.432343096641696e-5
2320	2320	2320	2320	45.955800144520715	43.44024925329705	7.464738745081822e-5
2328	2328	2328	2328	46.01419708774245	43.43466285523183	7.529961192053113e-5
2336	2336	2336	2336	45.994804380102394	43.43855495143681	7.538137944095129e-5
2344	2344	2344	2344	45.776854235760375	43.231232940474875	7.556947567729742e-5
2352	2352	2352	2352	46.10265561651513	43.616101527661286	7.767031837748467e-5
2360	2360	2360	2360	45.917730876572044	43.47247856675988	7.734983651421305e-5
2368	2368	2368	2368	45.86813146268264	43.33981435736781	7.659175980387348e-5
2376	2376	2376	2376	46.07279179041539	43.591994389594305	7.99303397931077e-5
2384	2384	2384	2384	46.081070512473396	43.590168922797716	8.013498137243308e-5
2392	2392	2392	2392	45.92012786352106	43.50778097681396	8.114808467903348e-5
2400	2400	2400	2400	46.15783688349338	43.76961576202122	8.220515642415632e-5
2408	2408	2408	2408	46.05519578156651	43.550373990910764	8.283733360049092e-5
2416	2416	2416	2416	46.13049612287895	43.57298329452925	8.264643433329189e-5
2424	2424	2424	2424	46.18552150166017	43.738484562580894	8.360515566932958e-5
2432	2432	2432	2432	46.13394406486114	43.3661136562463	8.354547285450458e-5
2440	2440	2440	2440	46.010631508822925	43.42777583803026	8.503074199199903e-5
2448	2448	2448	2448	46.387719973677605	43.88519220791534	8.48796092665343e-5
2456	2456	2456	2456	46.06716981139234	43.31736962841466	8.584716095741922e-5
2464	2464	2464	2464	46.1009427498111	43.64886733220267	8.630546743878887e-5
2472	2472	2472	2472	46.23070402055227	43.76671044284256	8.695294242835977e-5
2480	2480	2480	2480	46.286637008189295	43.82844205223467	8.779891638597765e-5
2488	2488	2488	2488	46.10436796387712	43.693927575993634	8.891830416841916e-5
2496	2496	2496	2496	46.26088568739651	43.7382701651649	8.981793048879505e-5
2504	2504	2504	2504	45.02482800303097	42.961759354544405	9.014153715082141e-5
2512	2512	2512	2512	45.19434079131602	43.35896821571577	9.056179949355554e-5
2520	2520	2520	2520	45.09562425052347	43.020298190640425	9.149031448382e-5
2528	2528	2528	2528	45.1739049017123	43.36908774146713	9.348646042295846e-5
2536	2536	2536	2536	45.13147183271962	43.01734175312652	9.339779668608597e-5
2544	2544	2544	2544	45.476317410230074	43.73772310400591	9.436595614591268e-5
2552	2552	2552	2552	45.197555771786	43.60999815194845	9.387169548650908e-5
2560	2560	2560	2560	44.47637050491458	42.63623152378203	9.716207973934432e-5
2568	2568	2568	2568	45.357153575497655	43.799472901684595	9.548612003922514e-5
2576	2576	2576	2576	45.48725661520592	43.81804463184292	9.83877533786665e-5
2584	2584	2584	2584	45.29423629233025	43.49251045990987	9.775844992042915e-5
2592	2592	2592	2592	45.44258958017435	43.786161773573646	1.0091430741416089e-4
2600	2600	2600	2600	45.38878742869833	43.492675817678915	1.0748923887640555e-4
2608	2608	2608	2608	45.4769031407609	43.247953672865115	1.0551193948096365e-4
2616	2616	2616	2616	45.51596456331824	43.70922231631838	1.1167842842585469e-4
2624	2624	2624	2624	45.46747099317684	43.56866295786735	1.115345455184733e-4
2632	2632	2632	2632	45.39699267848073	43.47950908647175	1.1773581628611967e-4
2640	2640	2640	2640	45.70898757144344	43.75726178137814	1.1487298109043987e-4
2648	2648	2648	2648	45.431543783376135	43.4340324557716	1.1894339471610461e-4
2656	2656	2656	2656	45.41845610870863	43.56554990687983	1.243795702817873e-4
2664	2664	2664	2664	45.545221327705704	43.708476112436834	1.226222702328616e-4
2672	2672	2672	2672	45.617064775071775	43.58763749441762	1.313143218062147e-4
2680	2680	2680	2680	45.416299339075	43.522974899372585	1.272844873244612e-4
2688	2688	2688	2688	45.5932167078805	43.19546916741316	1.3176482702053266e-4
2696	2696	2696	2696	45.44727755122289	42.840216387800425	1.3390933958089995e-4
2704	2704	2704	2704	45.56509033184111	43.22260773410784	1.373963472843918e-4
2712	2712	2712	2712	45.60969762852844	43.45459380874966	1.4436633792306038e-4
2720	2720	2720	2720	45.60093271219557	43.32648931911231	1.454185257251793e-4
2728	2728	2728	2728	45.20480779887313	42.56209252580012	1.4597740927664406e-4
2736	2736	2736	2736	45.75807284585241	43.11580002526368	1.4222822318371185e-4
2744	2744	2744	2744	45.5516492453609	43.32685101066582	1.420048357314927e-4
2752	2752	2752	2752	45.58586319951435	43.38134105958361	1.4595014881965806e-4
2760	2760	2760	2760	45.71261914782633	43.46760191232857	1.545469247640619e-4
2768	2768	2768	2768	45.798773364559615	43.381988339799626	1.517850272843285e-4
2776	2776	2776	2776	45.61350907772676	43.330364178689614	1.5885674449956204e-4
2784	2784	2784	2784	45.81534219416255	43.64692504667264	1.581161027634567e-4
2792	2792	2792	2792	45.70392822945696	43.45583938409032	1.560228742323451e-4
2800	2800	2800	2800	45.79000480810695	43.429299193786505	1.6123795668670485e-4
2808	2808	2808	2808	45.856988774396896	43.58976807523826	1.584047010893721e-4
2816	2816	2816	2816	45.36189104817815	42.3988304938399	1.6093942839401172e-4
2824	2824	2824	2824	45.67000686655692	43.3551009601066	1.6658720883777254e-4
2832	2832	2832	2832	45.928179736734	43.371589178664294	1.6864942279339347e-4
2840	2840	2840	2840	45.73494391388427	42.87419776002379	1.6769641549415625e-4
2848	2848	2848	2848	45.81260751746374	43.6185414228063	1.7080590550866287e-4
2856	2856	2856	2856	45.89899007890257	43.52894149893239	1.6795180155398985e-4
2864	2864	2864	2864	45.88972824367482	43.73312391875056	1.728189368117726e-4
2872	2872	2872	2872	45.76587728869099	43.414741754959	1.7447940109105813e-4
2880	2880	2880	2880	45.95903095889438	43.588505712770456	1.755513737143476e-4
2888	2888	2888	2888	45.78728402680185	42.910876527260626	1.7726481481833677e-4
2896	2896	2896	2896	45.87902861355345	42.97053746895	1.8053356451264223e-4
2904	2904	2904	2904	45.829226614313356	42.81064274600667	1.8582996222857306e-4
2912	2912	2912	2912	45.94482036089112	43.1496998319406	1.858382210593165e-4
2920	2920	2920	2920	45.93423042720177	43.18576679866186	1.8531198131606504e-4
2928	2928	2928	2928	46.30096704120899	44.03800567779935	1.8615712884994195e-4
2936	2936	2936	2936	46.08825062483498	43.98272995085136	1.870581788846305e-4
2944	2944	2944	2944	45.83194407806441	42.480231046568456	1.8714765042966326e-4
2952	2952	2952	2952	46.46040961989929	45.53534982962476	1.8869923077595327e-4
2960	2960	2960	2960	46.43575100773341	45.165638977379444	1.9053180137296953e-4
2968	2968	2968	2968	46.10965447553715	44.62073444634764	1.943428797633528e-4
2976	2976	2976	2976	46.26642451755455	44.36464063378414	1.9409234653026196e-4
2984	2984	2984	2984	46.136891308414214	43.92508521581127	1.970148381418933e-4
2992	2992	2992	2992	46.251893479094214	43.98216643902271	1.965924196094767e-4
3000	3000	3000	3000	46.149128253521766	42.93071540473972	2.0299322422078677e-4
3008	3008	3008	3008	45.8159361986538	42.67008528502638	2.0366180582515186e-4
3016	3016	3016	3016	45.84082204202851	42.381333787891236	2.096182059105268e-4
3024	3024	3024	3024	46.102912585850675	42.43298164937511	2.0259603853604614e-4
3032	3032	3032	3032	45.88848568028016	42.09344813025177	2.0318019560761492e-4
3040	3040	3040	3040	46.16011899305105	43.02407665912986	2.053675419219391e-4
3048	3048	3048	3048	46.29416674615609	44.10516393231749	2.0723580983563345e-4
3056	3056	3056	3056	46.51760441505538	44.35117058087286	2.0983191921319195e-4
3064	3064	3064	3064	46.237543446433335	44.15260013218784	2.1096393571116623e-4
3072	3072	3072	3072	45.19867768689848	39.15924938393014	2.1098387378360573e-4
3080	3080	3080	3080	46.5053864783153	45.57768471605128	2.1371575987536444e-4
3088	3088	3088	3088	46.64755229113124	45.4513822612529	2.16515839131971e-4
3096	3096	3096	3096	46.54525215864724	45.17833315719858	2.1718532358003047e-4
3104	3104	3104	3104	46.48965499559191	45.03970283569362	2.1840065828292104e-4
3112	3112	3112	3112	46.38157503080673	44.38828410216344	2.188661778835501e-4
3120	3120	3120	3120	46.64866936172984	44.423996761408446	2.2221276678519456e-4
3128	3128	3128	3128	45.35252949031792	43.58386363464612	2.2107098389611115e-4
3136	3136	3136	3136	45.15396680014789	42.82887867224286	2.2139755168370495e-4
3144	3144	3144	3144	45.29939080468096	42.56840341916781	2.243312325535899e-4
3152	3152	3152	3152	45.362247330553934	42.32906036275422	2.2666786724472737e-4
3160	3160	3160	3160	45.16664868888201	42.05955891150152	2.269107414536068e-4
3168	3168	3168	3168	45.54348157675314	43.168510816617605	2.3305986231589017e-4
3176	3176	3176	3176	45.471016687820146	43.786107549997574	2.3045791937950823e-4
3184	3184	3184	3184	45.5996006586156	43.88953609866067	2.313145606238057e-4
3192	3192	3192	3192	45.7079335066953	44.37339923552897	2.32174896446392e-4
3200	3200	3200	3200	45.47913728788547	42.59375543315364	2.3320566920994698e-4
3208	3208	3208	3208	45.88373009221186	45.39149127246762	2.3490837058505484e-4
3216	3216	3216	3216	45.99206656188143	44.88943364655881	2.35305972247962e-4
3224	3224	3224	3224	45.658832189288916	43.987487882096	2.3858231644093567e-4
3232	3232	3232	3232	45.62477307954308	43.501171334664704	2.3905062344938582e-4
3240	3240	3240	3240	45.688537954427794	43.67372168724771	2.4131505596390056e-4
3248	3248	3248	3248	45.76789446434769	43.53775851082907	2.506655885434752e-4
3256	3256	3256	3256	45.55936485680155	43.04119108993921	2.5105895249947076e-4
3264	3264	3264	3264	45.705836042299275	43.385017380590426	2.5511177897815545e-4
3272	3272	3272	3272	45.622593705966544	42.8280144783103	2.562955368013006e-4
3280	3280	3280	3280	45.037722735305	42.3017985147609	2.733187997916042e-4
3288	3288	3288	3288	45.68253143859106	43.10086745788378	2.7096017151598224e-4
3296	3296	3296	3296	45.68571521550375	43.24766334425425	2.78827444803999e-4
3304	3304	3304	3304	45.59479338374425	43.11778693978734	2.7858596296307666e-4
3312	3312	3312	3312	45.841067251109834	43.18859819839546	2.830131973972883e-4
3320	3320	3320	3320	45.598127721375306	43.16731017371039	2.9872696756161164e-4
3328	3328	3328	3328	45.21401221326307	41.68172788986468	2.9605367255986143e-4
3336	3336	3336	3336	45.71719273985481	43.321594950328254	3.069553790709594e-4
3344	3344	3344	3344	45.7362044385293	42.87390911809825	3.0474184895306375e-4
3352	3352	3352	3352	45.58131860957217	42.293290628553805	3.0831016304165397e-4
3360	3360	3360	3360	45.81836493302964	43.46559929973153	3.2211929454806297e-4
3368	3368	3368	3368	45.69448601226852	42.9334975835611	3.1749478070718063e-4
3376	3376	3376	3376	45.75104107383775	43.26506535975781	3.263691717061971e-4
3384	3384	3384	3384	45.78144262192962	42.64721984354733	3.2348859140666e-4
3392	3392	3392	3392	45.71211675877222	43.09356780052348	3.3494849091095203e-4
3400	3400	3400	3400	45.71603417214001	43.32122102403447	3.370247119070704e-4
3408	3408	3408	3408	45.964107293615704	43.54344828721944	3.4071007654718356e-4
3416	3416	3416	3416	45.72227986736122	42.864272038984375	3.5077717814612413e-4
3424	3424	3424	3424	45.737646623440355	43.309629441777886	3.493654753134688e-4
3432	3432	3432	3432	45.83663755045763	42.97361444535974	3.551659082875877e-4
3440	3440	3440	3440	45.83128048692675	43.2561117202001	3.6152968199784505e-4
3448	3448	3448	3448	45.73222782553487	43.300601751612895	3.6587612920563854e-4
3456	3456	3456	3456	45.82734078333931	42.69536128912911	3.6120218018351793e-4
3464	3464	3464	3464	45.768508592033385	42.91221225234757	3.712749161521473e-4
3472	3472	3472	3472	45.82034026869039	42.93173660754876	3.78115630793448e-4
3480	3480	3480	3480	45.8432474055256	43.16355450260159	3.742813287572643e-4
3488	3488	3488	3488	45.66357357693856	42.99177327054341	3.8571911547416677e-4
3496	3496	3496	3496	45.7583524292332	43.06574403540876	3.849638417215816e-4
3504	3504	3504	3504	45.97835699880924	43.12606937413536	3.9931375414134257e-4
3512	3512	3512	3512	45.61647682437872	41.834565865077515	3.8914031624102664e-4
3520	3520	3520	3520	45.7809710463359	42.94868571013804	3.95336827947343e-4
3528	3528	3528	3528	45.873322274483066	43.06217582257226	3.9915685056288755e-4
3536	3536	3536	3536	45.93319027520711	43.298501512575704	3.999381945551718e-4
3544	3544	3544	3544	45.84648351451647	43.17492717557103	4.0930630651222404e-4
3552	3552	3552	3552	45.94287049858252	43.20410069430883	4.044903120064357e-4
3560	3560	3560	3560	45.91474500090492	43.124158221883036	4.177684067213518e-4
3568	3568	3568	3568	45.95193756903634	43.203350199056935	4.1649125874545053e-4
3576	3576	3576	3576	45.9498142376861	43.137773059731636	4.2308302243372766e-4
3584	3584	3584	3584	45.21416804763767	42.33885800249804	4.2278706869415376e-4
3592	3592	3592	3592	46.11758578302668	43.287099722417786	4.2183328522403226e-4
3600	3600	3600	3600	46.285342005545324	43.48883931063956	4.2859332301472733e-4
3608	3608	3608	3608	46.20652517370414	43.41970945402518	4.3997343664325305e-4
3616	3616	3616	3616	45.998951551626504	43.32131163032526	4.350472098664946e-4
3624	3624	3624	3624	46.3106307615038	43.30604831332562	4.397656381717633e-4
3632	3632	3632	3632	46.25069875808388	43.5265602627881	4.44082108868259e-4
3640	3640	3640	3640	46.002745296940944	42.292021041840805	4.4499612687405984e-4
3648	3648	3648	3648	46.132291135455354	43.28514330481992	4.5369646117647446e-4
3656	3656	3656	3656	46.25489791074664	43.02296773592852	4.5653217285059744e-4
3664	3664	3664	3664	46.236894139764644	42.90021898961766	4.6663114733361575e-4
3672	3672	3672	3672	46.365033872985805	42.71355100157278	4.5890814051068843e-4
3680	3680	3680	3680	46.13915448589048	43.119961155010444	4.6386281516499063e-4
3688	3688	3688	3688	46.240250084215475	42.69398149646574	4.7057208336851694e-4
3696	3696	3696	3696	46.33007154088405	43.166916143838066	4.78362029438083e-4
3704	3704	3704	3704	46.22176111015555	43.1379391995917	4.7055903717526515e-4
3712	3712	3712	3712	46.048367441811365	42.60595322179567	4.8063979247260055e-4
3720	3720	3720	3720	46.32743909602988	43.28536409290408	4.8493213696772436e-4
3728	3728	3728	3728	46.270896320824384	43.272317656318776	4.854061746717953e-4
3736	3736	3736	3736	46.24380054599748	43.11049764625911	4.900498880437435e-4
3744	3744	3744	3744	46.25747268332487	43.412021125884934	4.967723292680635e-4
3752	3752	3752	3752	45.52078831031721	43.3824522605852	4.9825786836785e-4
3760	3760	3760	3760	45.48812718025859	43.055710192	4.980337563270068e-4
3768	3768	3768	3768	45.58765927083237	43.107529278060554	4.999875789275065e-4
3776	3776	3776	3776	45.388557888245664	43.137966291369	4.989772212601464e-4
3784	3784	3784	3784	45.49580962580604	43.261670604546005	5.070272532465673e-4
3792	3792	3792	3792	45.656900819965976	43.3166601375401	5.089058951971662e-4
3800	3800	3800	3800	45.630888354135536	43.29741576884098	5.088656825772881e-4
3808	3808	3808	3808	45.456390603988694	43.45247382768261	5.096688860319944e-4
3816	3816	3816	3816	45.69473412518252	43.54218700986225	5.153659005944249e-4
3824	3824	3824	3824	45.66075341397042	43.04565771614278	5.141817128679083e-4
3832	3832	3832	3832	45.59928962754395	43.02793126123143	5.177494262677197e-4
3840	3840	3840	3840	45.29882745296911	42.30622378715148	5.315108970280622e-4
3848	3848	3848	3848	45.53911488011617	42.69425990572396	5.213915066706644e-4
3856	3856	3856	3856	45.53489586787076	42.70495423559319	5.340618746451568e-4
3864	3864	3864	3864	45.62231580720447	43.09855526676699	5.331634375687769e-4
3872	3872	3872	3872	45.598147807910216	43.286054695714746	5.408163780619786e-4
3880	3880	3880	3880	45.49631149299188	42.322761258789754	5.422567339990284e-4
3888	3888	3888	3888	45.69299131334229	43.056469445626384	5.389352704521597e-4
3896	3896	3896	3896	45.585646709958226	43.09145872593745	5.456586175279215e-4
3904	3904	3904	3904	45.47915515769332	43.028807749536384	5.490690326664402e-4
3912	3912	3912	3912	45.64818732234338	43.16193810139056	5.459304438561161e-4
3920	3920	3920	3920	45.64983410201995	43.177994012915114	5.519022939675701e-4
3928	3928	3928	3928	45.50588623577162	42.85707980400167	5.491243132521121e-4
3936	3936	3936	3936	45.73590559988075	43.58723828184451	5.580773436835635e-4
3944	3944	3944	3944	45.677514234110205	43.205964743121044	5.65181186257033e-4
3952	3952	3952	3952	45.8250966676222	44.292998799205215	5.743617879696782e-4
3960	3960	3960	3960	45.95572253941505	44.674822030289576	5.5906406530151e-4
3968	3968	3968	3968	45.57573942394971	42.733299107093735	5.671101522854398e-4
3976	3976	3976	3976	46.155498315550595	45.982719453514626	5.730713795900467e-4
3984	3984	3984	3984	46.231864263809015	45.758296220343375	5.767240460257846e-4
3992	3992	3992	3992	45.95393204374553	45.28576295589183	5.804559703216468e-4
4000	4000	4000	4000	45.89579793189271	44.55872377784356	5.901263926377648e-4
4008	4008	4008	4008	45.99395610455347	44.56306391657211	5.796986817305452e-4
4016	4016	4016	4016	45.96116082500288	44.21596583526696	5.911378925023463e-4
4024	4024	4024	4024	45.823769087964905	43.49205605618384	5.931789085054799e-4
4032	4032	4032	4032	45.825768359709514	43.40788156905528	5.910946192236407e-4
4040	4040	4040	4040	45.672168147418695	42.25636671921101	5.858334076952211e-4
4048	4048	4048	4048	45.699912909646585	42.355756123364344	5.943960228253089e-4
4056	4056	4056	4056	45.72196689530829	42.388526557089975	6.002338188770606e-4
4064	4064	4064	4064	45.92644120074846	43.462607570457585	6.065979662894831e-4
4072	4072	4072	4072	45.94768828009252	43.80787685518347	6.067482561938208e-4
4080	4080	4080	4080	46.144095585782004	43.89061185117248	6.052977722870911e-4
4088	4088	4088	4088	45.793667400399684	43.2077479682524	6.197707358153522e-4
4096	4096	4096	4096	41.476436700715034	39.83867396056774	6.241394041527873e-4
# Flush value 171798691840
