8	8	8	8	0.15063253898205356	0.14615000356811533	1.7404671430534633e-14
16	16	16	16	0.9984764458528855	0.9711338984055479	2.6203521364587025e-13
24	24	24	24	3.0499724214009927	3.021804470189628	9.910988736784643e-13
32	32	32	32	5.481890422417399	5.279413541708623	3.2949575930136775e-12
40	40	40	40	8.347463153775923	7.908557306147669	8.235824805649297e-12
48	48	48	48	12.493800660886265	11.907938302511507	1.747082270621699e-11
56	56	56	56	14.53233480905292	13.799779977997801	2.746613767256622e-11
64	64	64	64	17.031461659655335	16.12623225627855	4.3693624864188e-11
72	72	72	72	21.41104259285817	19.834362918974932	7.411126275642659e-11
80	80	80	80	22.077768075633603	20.795678398082902	1.0127704377428057e-10
88	88	88	88	24.147477521371307	22.517950666644637	1.7401559661231874e-10
96	96	96	96	26.80490206474482	25.302027626047416	2.3008598219664267e-10
104	104	104	104	27.437547640390516	25.69106470934183	3.6496017721902036e-10
112	112	112	112	28.297206388849727	26.285024719479512	4.1923661165893816e-10
120	120	120	120	30.967880680469	29.055445794274664	4.979647530786656e-10
128	128	128	128	30.33503536661218	28.585281078447075	6.99249432464943e-10
136	136	136	136	30.615435171549237	29.150681121547315	8.87666828930378e-10
144	144	144	144	32.81643688077327	31.034818217722993	1.2192386240729487e-9
152	152	152	152	32.617537993568085	31.044978783592644	1.4514030935000258e-9
160	160	160	160	32.289915510944944	31.252086301842812	1.5648553449160029e-9
168	168	168	168	34.472687617005036	33.38507412244726	2.324665611111077e-9
176	176	176	176	34.51348515374863	33.44806884989931	2.7345213216138876e-9
184	184	184	184	34.37479790092869	33.38914176909544	3.057980336380121e-9
192	192	192	192	36.41769357817991	35.12961260278664	3.4050237858224815e-9
200	200	200	200	35.480494598094694	33.536508681763685	3.710253287684938e-9
208	208	208	208	35.60248970617471	34.03927472448495	4.687072275950898e-9
216	216	216	216	37.50485804533803	35.729067082655654	5.849797523767274e-9
224	224	224	224	37.23565430356399	35.59116825130425	7.048656932646689e-9
232	232	232	232	37.23172838825191	35.65635638744035	7.785043445090059e-9
240	240	240	240	38.898577109521135	37.58712619176123	7.976786006766325e-9
248	248	248	248	38.38070722397103	36.97634523556281	9.660367591178392e-9
256	256	256	256	38.812474335677194	37.2305381016154	1.0282840894988545e-8
264	264	264	264	40.15521954189678	38.66601241742643	1.3616114405182605e-8
272	272	272	272	39.65051608244315	38.34856278510261	1.4025993162606874e-8
280	280	280	280	39.68009370517755	38.294973523052086	1.6458672874673197e-8
288	288	288	288	41.30157721588913	39.773926110312125	1.835969649601385e-8
296	296	296	296	40.80364229228412	39.355927213571505	1.906227578513428e-8
304	304	304	304	40.82423664704489	39.486121090973356	2.0941818898328447e-8
312	312	312	312	42.0756913716048	40.6119038354307	2.2663644438064406e-8
320	320	320	320	41.288371580223966	40.26743782021526	2.4723939509053312e-8
328	328	328	328	41.081131549942384	40.167330334898004	2.7711737563196623e-8
336	336	336	336	42.34461306443192	41.32569964367218	3.484378843853331e-8
344	344	344	344	41.899143260396606	40.90435439682593	3.660701961635341e-8
352	352	352	352	42.00227614771029	41.15894326752644	4.198447203463363e-8
360	360	360	360	43.25225312709961	42.527407394578745	4.4611226253202144e-8
368	368	368	368	42.76477031627768	41.899783527172396	4.833914068475731e-8
376	376	376	376	42.508897241103554	41.75115796261414	5.000170206854536e-8
384	384	384	384	43.61860845624628	42.730862582943566	5.5694725203389126e-8
392	392	392	392	42.72899923637778	41.40679597234978	5.611556637660266e-8
400	400	400	400	42.7366051209471	41.519779633769595	5.815175471112018e-8
408	408	408	408	43.74663115225438	42.595287051354376	6.458270478658923e-8
416	416	416	416	43.520730462874745	42.3886139838103	7.781978960801059e-8
424	424	424	424	43.318336394551636	42.05491882396333	8.838736999176721e-8
432	432	432	432	44.35855785221163	43.0583824420069	8.954752519027419e-8
440	440	440	440	43.92796471798119	42.57073059872461	1.025554895402844e-7
448	448	448	448	43.73711344092572	42.48926614956615	1.095878215140142e-7
456	456	456	456	44.78320339689704	43.461062799430216	1.1071776480307986e-7
464	464	464	464	44.523782973100055	43.27222243639919	1.167389721869856e-7
472	472	472	472	43.926455365505	43.12547286501242	1.2293457984924316e-7
480	480	480	480	45.041860192333694	44.37187241682406	1.302520464140705e-7
488	488	488	488	44.64808728820095	43.763945855734725	1.3134620271857633e-7
496	496	496	496	44.52789248404403	43.545141030033115	1.451818087601067e-7
504	504	504	504	45.34719067185263	44.41819467905863	1.4411445734600095e-7
512	512	512	512	45.109527986269285	43.77283691643485	1.5638178986884323e-7
520	520	520	520	44.95923283320898	43.97722947332601	1.799960082865196e-7
528	528	528	528	45.83335017337982	44.731107301755934	1.964538823580028e-7
536	536	536	536	45.508182439188595	44.19932118352299	2.148187931907612e-7
544	544	544	544	45.482068937509155	44.34247609459767	2.385422383121933e-7
552	552	552	552	46.2721382051743	45.01880329069464	2.4181409993676175e-7
560	560	560	560	45.989045600819246	44.69507489115157	2.634770655325428e-7
568	568	568	568	45.86211328490897	44.48770033301363	2.7519912338922056e-7
576	576	576	576	46.58826446241704	45.296853855390204	2.9431561638728224e-7
584	584	584	584	45.84093670523805	44.00511840269249	2.991387233120908e-7
592	592	592	592	45.71360129582473	43.9203650979115	3.056497964587167e-7
600	600	600	600	46.48222869805268	44.574692429463134	3.3556057698373114e-7
608	608	608	608	46.063511719099864	44.197015356523934	3.3400089415017514e-7
616	616	616	616	45.88955502454482	43.93499752713398	3.4649705882208413e-7
624	624	624	624	46.68454933107171	44.628164832841115	3.598474240393625e-7
632	632	632	632	42.14219771548879	44.20392793299821	3.8334305145254333e-7
640	640	640	640	42.230307443352665	44.28329150551349	3.7869916715772507e-7
648	648	648	648	42.899087748462684	44.56559140727151	4.2807216641745586e-7
656	656	656	656	42.71235232449115	44.20322854550415	4.329277806267902e-7
664	664	664	664	42.653515861558425	43.91745877397877	4.854469227057653e-7
672	672	672	672	43.37256993145545	44.56882638698447	5.277567633890031e-7
680	680	680	680	43.08715597288869	43.92626475104871	5.578365674770914e-7
688	688	688	688	43.052856043317696	43.93042722137653	6.00245888837632e-7
696	696	696	696	43.71862397414592	44.4178135631398	6.224357012822739e-7
704	704	704	704	43.547256814351485	44.298444543064974	6.221011723156627e-7
712	712	712	712	43.41227969894155	43.87326164414486	6.889470941972758e-7
720	720	720	720	44.10971305517712	44.449008125340086	7.07344247050285e-7
728	728	728	728	43.96276417843799	44.541011733379534	7.375698489406456e-7
736	736	736	736	43.96808200382579	44.158990783934335	7.479210325678675e-7
744	744	744	744	44.599169638097976	44.636243058149645	7.730403746197855e-7
752	752	752	752	44.316122585542175	44.34536912240783	8.145873472150427e-7
760	760	760	760	44.16427937637232	44.12325404274405	8.098030532607693e-7
768	768	768	768	44.58983918081884	44.46535801946823	8.295779031468467e-7
776	776	776	776	44.48719457682794	42.87890933501862	8.337995310746301e-7
784	784	784	784	44.2384312143618	43.13114265861005	8.951400518620487e-7
792	792	792	792	44.80485933858476	43.21540180770418	9.01989639759306e-7
800	800	800	800	44.62192505259635	43.12940383749768	9.237518155472796e-7
808	808	808	808	44.47871211982759	42.775378145512754	9.41113327757357e-7
816	816	816	816	45.1096286189314	43.27934168604743	1.01294335555882e-6
824	824	824	824	44.47180975526429	42.858175294436975	1.1435852446832301e-6
832	832	832	832	44.44178406259209	43.04486390731799	1.1496127558938211e-6
840	840	840	840	44.91610626744068	43.17081800591171	1.2517197144338072e-6
848	848	848	848	44.602323617220975	43.3913543322968	1.2995871560657327e-6
856	856	856	856	44.454057737996536	43.31395703737063	1.4236458978989315e-6
864	864	864	864	45.10035975710989	44.11288002170856	1.5413520851497145e-6
872	872	872	872	44.976841420366476	44.01655536145838	1.553959648675263e-6
880	880	880	880	45.01726431824992	43.94334435229217	1.5615144308756805e-6
888	888	888	888	45.50858069557034	44.58298711942435	1.6489028704431857e-6
896	896	896	896	45.09455515649025	43.09008874023395	1.6950521161836512e-6
904	904	904	904	45.49106726962775	45.259753251931464	1.714928800922079e-6
912	912	912	912	45.84294386373617	45.15505459900384	1.8105830651925172e-6
920	920	920	920	45.54212049445281	44.80396660744065	1.8783000869143862e-6
928	928	928	928	45.41415453119599	44.42455618177019	1.911622108460169e-6
936	936	936	936	45.87652005063098	44.5399149990672	1.8946461689509518e-6
944	944	944	944	45.422591769629285	44.380736821652285	2.0177734946978994e-6
952	952	952	952	45.22769723303712	44.01493378149455	1.9972698462224423e-6
960	960	960	960	45.68261242689472	44.04114994394589	2.160950962857758e-6
968	968	968	968	45.26695422083177	42.37868968329584	2.1933957563010426e-6
976	976	976	976	45.277294595059715	42.24939329339849	2.1675299962070898e-6
984	984	984	984	45.70258284419632	42.709206313039076	2.240395903737008e-6
992	992	992	992	45.76489593956655	43.323785611429344	2.2804619470513333e-6
1000	1000	1000	1000	45.694662598379466	43.73622138181858	2.2887111577556444e-6
1008	1008	1008	1008	46.26227802529228	44.4593955822092	2.3659553018094063e-6
1016	1016	1016	1016	45.617652160997494	43.84144396022006	2.442983913644587e-6
1024	1024	1024	1024	45.03266424874543	42.269025827053675	2.576220728355625e-6
1032	1032	1032	1032	46.40976929217259	46.109823760006776	2.7566946840839545e-6
1040	1040	1040	1040	46.21060833196867	45.770773735971694	2.907063408914001e-6
1048	1048	1048	1048	46.01031050433946	45.12138136613297	2.9561440207522927e-6
1056	1056	1056	1056	46.52665328624841	45.449297888601606	3.0744818801968215e-6
1064	1064	1064	1064	46.127715779472865	44.6390052360726	3.3885646828536737e-6
1072	1072	1072	1072	46.02064048237788	44.407275254236716	3.397987559733206e-6
1080	1080	1080	1080	46.38488976807941	44.217348927712735	3.535094398992152e-6
1088	1088	1088	1088	46.10690225797859	43.39971060759683	3.646372298999497e-6
1096	1096	1096	1096	45.75145008986252	43.094843327748194	3.7439593774114827e-6
1104	1104	1104	1104	46.21268691598896	43.55809069734215	4.040138729380957e-6
1112	1112	1112	1112	46.0105080660905	43.276315868776955	3.999372840305669e-6
1120	1120	1120	1120	46.06303905687701	43.98182652925956	4.165667518524636e-6
1128	1128	1128	1128	46.48280049541092	44.61744707816635	4.2322970452583166e-6
1136	1136	1136	1136	46.31843278761018	44.72398804569667	4.388765117230796e-6
1144	1144	1144	1144	46.2305584678998	44.566044258617566	4.466472375923141e-6
1152	1152	1152	1152	46.50150326817166	43.84837332109529	4.518124468092688e-6
1160	1160	1160	1160	46.74858231880316	44.750668163606015	4.693203455503323e-6
1168	1168	1168	1168	46.52099376914807	43.970135416110246	5.032887873917704e-6
1176	1176	1176	1176	46.78690214823061	43.69808557069606	4.846337806070694e-6
1184	1184	1184	1184	46.686106085784836	43.395397538342834	5.0600797901925626e-6
1192	1192	1192	1192	46.45047584884049	43.188080805960986	5.174201591068991e-6
1200	1200	1200	1200	46.811792524446595	43.46132834960002	5.1395614925493885e-6
1208	1208	1208	1208	46.37616651586816	43.02505902262234	5.1972806532964965e-6
1216	1216	1216	1216	46.45919389610954	43.11789534047982	5.352421598868354e-6
1224	1224	1224	1224	46.83255805276173	43.41481441799212	5.44922242311914e-6
1232	1232	1232	1232	46.70397787401936	43.400799058650925	5.446756614667899e-6
1240	1240	1240	1240	46.60338050766284	43.24422379996734	5.47432645205845e-6
1248	1248	1248	1248	47.00263951487894	43.63717638519704	5.6384308494434985e-6
1256	1256	1256	1256	44.64856995742197	43.22367482216389	5.565538822705477e-6
1264	1264	1264	1264	44.65298056114832	43.313215439814805	5.80095525935112e-6
1272	1272	1272	1272	44.989491536220335	43.60156511153884	5.824695989055157e-6
1280	1280	1280	1280	44.574637445507896	43.315053413018575	5.968189448991117e-6
1288	1288	1288	1288	44.69801007636109	43.36301480449014	6.4763847736622045e-6
1296	1296	1296	1296	45.12606057364545	43.79831881541488	6.6018871132525035e-6
1304	1304	1304	1304	45.03139493066643	43.51647358813282	6.7986537740654376e-6
1312	1312	1312	1312	44.8713023494341	43.704282944718024	6.9392709417100865e-6
1320	1320	1320	1320	45.332188502258745	43.92893105394908	7.566034331571095e-6
1328	1328	1328	1328	45.13923898860401	43.83219744214907	7.68218089317054e-6
1336	1336	1336	1336	45.12708146848993	43.67531981412859	8.334372782008716e-6
1344	1344	1344	1344	45.35104005755699	44.159290306898825	8.119369127205764e-6
1352	1352	1352	1352	45.22738696496404	42.76705071894668	8.80571635785982e-6
1360	1360	1360	1360	45.335877593764906	42.921132319544505	8.876040241158227e-6
1368	1368	1368	1368	45.54761547834809	42.88836496093225	9.417345250329144e-6
1376	1376	1376	1376	45.49585099713449	43.20806743743655	9.723963932536738e-6
1384	1384	1384	1384	45.38255038078095	43.102026582877954	9.702933189928356e-6
1392	1392	1392	1392	45.71677878822696	43.35322783392375	9.654388624877836e-6
1400	1400	1400	1400	45.52585701731084	43.21976933361822	1.0071641829192081e-5
1408	1408	1408	1408	45.3688522600429	43.26794762931001	1.0352393395399713e-5
1416	1416	1416	1416	45.6687529673624	43.47744346731518	1.0507379238460181e-5
1424	1424	1424	1424	45.61557663323346	43.503823946037144	1.0415645198251143e-5
1432	1432	1432	1432	45.52010894746129	43.4234349227792	1.1142163306505792e-5
1440	1440	1440	1440	45.87140209960109	43.79801221011076	1.1020171869770314e-5
1448	1448	1448	1448	45.46534713722297	43.48875555799832	1.1755457972479115e-5
1456	1456	1456	1456	45.51264684625761	43.60124056783603	1.1669122069850225e-5
1464	1464	1464	1464	45.76420592314512	43.7850837541203	1.1638064464033957e-5
1472	1472	1472	1472	45.679881034891885	43.81604328972908	1.2134816221819878e-5
1480	1480	1480	1480	45.58854807165032	43.64835995743326	1.2179454781155698e-5
1488	1488	1488	1488	45.88786545408857	43.93265027017914	1.2331897071330706e-5
1496	1496	1496	1496	45.76262409714174	43.71639727200657	1.2294099169684988e-5
1504	1504	1504	1504	45.72511767189407	43.868182745768735	1.2574920330091606e-5
1512	1512	1512	1512	45.90352555278751	44.06868580727808	1.2598030725992645e-5
1520	1520	1520	1520	45.94292804505856	44.16147030525771	1.3018533175714455e-5
1528	1528	1528	1528	45.688435677336685	43.93389068476202	1.3119285615519953e-5
1536	1536	1536	1536	45.80467379922658	43.93404871125264	1.3579136399532321e-5
1544	1544	1544	1544	45.95958132172868	43.09781777788919	1.3392289610209491e-5
1552	1552	1552	1552	45.939976749937365	43.321368643495305	1.3819089768133208e-5
1560	1560	1560	1560	46.26992346899282	43.11138275725247	1.3778184468509814e-5
1568	1568	1568	1568	46.03069883244273	43.463476054277905	1.3895650408109278e-5
1576	1576	1576	1576	45.90759568050636	43.22396262579056	1.4431495745662079e-5
1584	1584	1584	1584	46.25761481797831	43.71391710631489	1.4365708645515622e-5
1592	1592	1592	1592	46.117977960113066	43.477444430771016	1.4987427627095344e-5
1600	1600	1600	1600	46.11289151854458	43.61370893975539	1.4831319691105456e-5
1608	1608	1608	1608	46.363467398595986	43.703565440054945	1.4737873683679248e-5
1616	1616	1616	1616	46.2577717938045	43.6984597419501	1.4976638138535963e-5
1624	1624	1624	1624	46.081465938285696	43.586768270616616	1.5239947251100434e-5
1632	1632	1632	1632	46.399274278123976	43.907929341122255	1.6150961611428227e-5
1640	1640	1640	1640	45.91605792137017	43.42976878718076	1.65379797552191e-5
1648	1648	1648	1648	46.071630987444806	43.705206818109644	1.721759375715641e-5
1656	1656	1656	1656	46.285295374508124	43.858847967397196	1.8341192786137487e-5
1664	1664	1664	1664	46.18624807858255	43.8174012367321	1.855313654413457e-5
1672	1672	1672	1672	46.10045377009514	43.67410602718085	1.914960974046492e-5
1680	1680	1680	1680	46.47770518389085	44.08260967288054	1.9896348267308364e-5
1688	1688	1688	1688	46.251546554972265	43.80014587792082	1.9962039584053042e-5
1696	1696	1696	1696	46.192462870792156	43.957737744537425	2.2034056378482862e-5
1704	1704	1704	1704	46.47500811449709	44.11610638132502	2.1324056285410497e-5
1712	1712	1712	1712	46.341864642017434	44.12094718121428	2.1049640010998782e-5
1720	1720	1720	1720	46.22499475097716	43.97314865897021	2.273501177512354e-5
1728	1728	1728	1728	46.497792534846866	44.244248578422585	2.3515373241306213e-5
1736	1736	1736	1736	46.334949102785124	43.10945281670894	2.3423715384475473e-5
1744	1744	1744	1744	46.31288866725422	43.25457933227254	2.3978038134537225e-5
1752	1752	1752	1752	46.58298262186297	43.49160857144744	2.440022261621286e-5
1760	1760	1760	1760	46.44870264101352	43.49929096414086	2.5737752176943964e-5
1768	1768	1768	1768	46.36590384958241	43.43027777115363	2.5523179378208694e-5
1776	1776	1776	1776	46.72823982011524	43.710264461220966	2.5738235295325423e-5
1784	1784	1784	1784	46.580315061797315	43.51096112278109	2.6315771302919193e-5
1792	1792	1792	1792	46.344323406258134	43.35092683346176	2.6409297337371935e-5
1800	1800	1800	1800	46.77341014641543	43.73272238300234	2.7363011672825882e-5
1808	1808	1808	1808	46.7509227915708	43.750147990454	2.748627333666685e-5
1816	1816	1816	1816	46.64617859069721	43.61111468201347	2.78411758092343e-5
1824	1824	1824	1824	46.867752894408895	43.934890787348735	2.8591969742815343e-5
1832	1832	1832	1832	46.651894164354545	43.766519772354606	2.875391325246796e-5
1840	1840	1840	1840	46.63462802279099	43.8772788480738	2.9040921946397846e-5
1848	1848	1848	1848	46.850428075834785	43.95177119503276	3.017520094892782e-5
1856	1856	1856	1856	46.75611155450942	43.918916110501854	3.0118693528939876e-5
1864	1864	1864	1864	46.65356387838003	43.70813944069326	3.101922152102751e-5
1872	1872	1872	1872	46.92115274964101	43.97521688550037	3.0283852461341118e-5
1880	1880	1880	1880	45.20422686779791	43.64220048590682	3.128460377296976e-5
1888	1888	1888	1888	45.398389706646	44.4064173618396	3.162553028346927e-5
1896	1896	1896	1896	45.64478096643014	45.02871272902233	3.153215281270569e-5
1904	1904	1904	1904	45.670994573129306	45.62353513954235	3.283869747602769e-5
1912	1912	1912	1912	45.51955673799521	45.46712576882854	3.245055539202964e-5
1920	1920	1920	1920	45.71585077754944	44.08879522332142	3.296821214499673e-5
1928	1928	1928	1928	45.844757237725105	45.8364973419557	3.3725222402927814e-5
1936	1936	1936	1936	45.90507304446628	45.910521341088284	3.339046667571763e-5
1944	1944	1944	1944	45.99735705733146	45.54716478199693	3.325255470689662e-5
1952	1952	1952	1952	45.89346404424694	45.041349955200815	3.474587827214371e-5
1960	1960	1960	1960	45.81060812736352	44.89729974398912	3.458225328295163e-5
1968	1968	1968	1968	46.02272159084955	44.991056280997874	3.520394838042645e-5
1976	1976	1976	1976	45.86031890980524	44.35185238627163	3.525422013191463e-5
1984	1984	1984	1984	45.8129517325685	43.66149103908304	3.577530165093284e-5
1992	1992	1992	1992	45.89949260947248	43.62354858035328	3.6469860655267336e-5
2000	2000	2000	2000	45.778442173661084	43.586831165183604	3.6506081071400196e-5
2008	2008	2008	2008	45.63041545447259	43.34257881315845	3.7258386208402906e-5
2016	2016	2016	2016	46.112331837067195	44.824832245794184	3.685297875712209e-5
2024	2024	2024	2024	46.07002048792636	45.22755816923895	3.717208679268944e-5
2032	2032	2032	2032	46.09160821493312	45.75260268135303	3.777495796278563e-5
2040	2040	2040	2040	46.12298421797669	45.2719348188986	3.905268852139578e-5
2048	2048	2048	2048	45.14272493290073	43.34918971294599	3.901004470687161e-5
2056	2056	2056	2056	46.379776843789955	46.75390282695721	4.224539906454101e-5
2064	2064	2064	2064	46.60430984269897	47.15957389213217	4.2599811158028506e-5
2072	2072	2072	2072	46.326132292916895	46.74045305118673	4.2761171424931744e-5
2080	2080	2080	2080	46.260876671925956	46.387834795850765	4.5376793322686034e-5
2088	2088	2088	2088	46.29794114545466	46.13196413405808	4.5607174687264795e-5
2096	2096	2096	2096	46.2561998665245	45.837064021738456	4.590130435821274e-5
2104	2104	2104	2104	46.10041097429457	45.06446074802999	4.874858347279816e-5
2112	2112	2112	2112	46.25232436193315	44.17306449688069	4.987366784407046e-5
2120	2120	2120	2120	46.04870495653327	43.100769468903486	5.0593355028221e-5
2128	2128	2128	2128	45.95947626539876	43.1239400242791	5.227446282881258e-5
2136	2136	2136	2136	46.15237895050449	43.1666371419765	5.403390355880646e-5
2144	2144	2144	2144	46.13369699184532	44.05913861882181	5.38377448555515e-5
2152	2152	2152	2152	46.29755309466024	44.50474974276066	5.572776099971526e-5
2160	2160	2160	2160	46.59007299760795	45.277909290080025	5.698815017728913e-5
2168	2168	2168	2168	46.384949604154436	44.857108022586516	5.76438242244385e-5
2176	2176	2176	2176	46.20877897721587	43.39249954348794	5.7592893556588944e-5
2184	2184	2184	2184	46.82971178249749	45.95879953403992	5.935341819419023e-5
2192	2192	2192	2192	46.551677113794945	45.500356764666506	5.926752119418891e-5
2200	2200	2200	2200	46.3400728611041	44.627221303647346	6.041571015555172e-5
2208	2208	2208	2208	46.477123907625725	44.24240729877333	6.139995940415428e-5
2216	2216	2216	2216	46.31386704764463	44.14744798223038	6.174661466344742e-5
2224	2224	2224	2224	46.34510151878846	43.74590635286353	6.342583995887491e-5
2232	2232	2232	2232	46.54506360780525	43.85416233771996	6.412451515924191e-5
2240	2240	2240	2240	46.42137518982718	43.72064271199197	6.573535750123839e-5
2248	2248	2248	2248	46.3379607559225	43.60473903480209	6.654986045264318e-5
2256	2256	2256	2256	46.61303196262301	43.680381493158094	6.841367016598416e-5
2264	2264	2264	2264	46.37935683868186	43.886320924624684	6.818896405867473e-5
2272	2272	2272	2272	46.42178228068796	44.0428610270838	6.841896680870405e-5
2280	2280	2280	2280	46.591952427617215	44.140938325595585	6.976432770804015e-5
2288	2288	2288	2288	46.44379757203599	44.096226562150584	7.189782944316008e-5
2296	2296	2296	2296	46.38389677587716	44.00511328202019	7.096898560150891e-5
2304	2304	2304	2304	46.42766439708951	43.444006782994165	7.340379158832611e-5
2312	2312	2312	2312	46.50242798006489	43.383907361040066	7.276484647378917e-5
2320	2320	2320	2320	46.52107905131809	43.57953266989445	7.414750730572947e-5
2328	2328	2328	2328	46.686495786711426	43.584974816047655	7.343495431169485e-5
2336	2336	2336	2336	46.64968227815188	43.586126828765444	7.360032124371755e-5
2344	2344	2344	2344	46.3585838043904	43.36770821548689	7.548028725350504e-5
2352	2352	2352	2352	46.68788231226188	43.750570030365644	7.657877088458732e-5
2360	2360	2360	2360	46.60954396043394	43.637617484180446	7.716782961373283e-5
2368	2368	2368	2368	46.418131071473795	43.51398885874522	7.802928711999567e-5
2376	2376	2376	2376	46.62721143203505	43.73047191261814	7.936510091952341e-5
2384	2384	2384	2384	46.6631143187158	43.71289595959481	7.978762440678675e-5
2392	2392	2392	2392	46.584745824412416	43.62971462657818	8.236413009466376e-5
2400	2400	2400	2400	46.79744187085286	43.919125062976974	8.20281191663731e-5
2408	2408	2408	2408	46.66238579328512	43.687428715473985	8.232599060118606e-5
2416	2416	2416	2416	46.695499594302525	43.669259605545385	8.222330583362725e-5
2424	2424	2424	2424	46.79249536163626	43.66401807731813	8.319732383298854e-5
2432	2432	2432	2432	46.77839281728749	43.470621238434056	8.37102196973317e-5
2440	2440	2440	2440	46.60727044205421	43.58694863405081	8.553870857634275e-5
2448	2448	2448	2448	46.94309807395019	43.999197863554215	8.537515981644597e-5
2456	2456	2456	2456	46.78531520811602	43.410713164286506	8.742447141579873e-5
2464	2464	2464	2464	46.59388160029505	43.724315866096816	8.73991912234626e-5
2472	2472	2472	2472	46.85998018554301	43.70789741428892	8.910102952621033e-5
2480	2480	2480	2480	46.83752129575093	43.879699593573385	8.807816092793738e-5
2488	2488	2488	2488	46.77406879062505	43.66163515750409	8.930367224826805e-5
2496	2496	2496	2496	46.956228914914384	43.92509325188297	8.961557846430875e-5
2504	2504	2504	2504	45.752935520317905	43.03633755103531	8.956569251603437e-5
2512	2512	2512	2512	45.80148649343492	43.359050764187884	9.298225243355638e-5
2520	2520	2520	2520	45.75219290711338	43.13157240774458	9.221992423561228e-5
2528	2528	2528	2528	45.90849666568516	43.428793902454956	9.322730459531754e-5
2536	2536	2536	2536	45.84811108575483	43.08966600278857	9.263221491392558e-5
2544	2544	2544	2544	46.04348663964883	43.62199469448312	9.281872903803683e-5
2552	2552	2552	2552	45.861277763317766	43.600685348177244	9.354876366515938e-5
2560	2560	2560	2560	45.50027150209204	42.64328918296121	9.37555863574725e-5
2568	2568	2568	2568	46.032506078912455	43.784366664968175	9.689163561841374e-5
2576	2576	2576	2576	45.992099420435814	43.639489618990694	1.0395207261725285e-4
2584	2584	2584	2584	45.99601950311101	43.574417627633224	1.0314517904791552e-4
2592	2592	2592	2592	46.189841362790744	43.817180815403646	1.0719891634456059e-4
2600	2600	2600	2600	46.08447919826095	43.598892321471354	1.0509311394100602e-4
2608	2608	2608	2608	46.05665014223247	43.2620934928118	1.0741947692343526e-4
2616	2616	2616	2616	46.27217395037243	43.61805557016988	1.117656864531239e-4
2624	2624	2624	2624	46.206633185252656	43.712583660728974	1.0924931422303692e-4
2632	2632	2632	2632	46.12135354956093	43.570302208272196	1.1447146127332369e-4
2640	2640	2640	2640	46.3077075112353	43.83692918858161	1.172510478638117e-4
2648	2648	2648	2648	46.17789764927774	43.5436266501438	1.2077024818014878e-4
2656	2656	2656	2656	46.13026181147287	43.692213402111186	1.2468083580237314e-4
2664	2664	2664	2664	46.26363811302048	43.884986364635616	1.2479863326146393e-4
2672	2672	2672	2672	46.217455752967986	43.6394319019104	1.2312536535208005e-4
2680	2680	2680	2680	46.164361797534795	43.579278944459766	1.2818075520382245e-4
2688	2688	2688	2688	46.313799674277526	43.21674227512909	1.323616124118013e-4
2696	2696	2696	2696	46.14995601877753	42.952510828078374	1.3005203538721716e-4
2704	2704	2704	2704	46.165500078718566	43.08054708027676	1.375780564344178e-4
2712	2712	2712	2712	46.331291694724534	43.54286781403038	1.386821668343805e-4
2720	2720	2720	2720	46.20235389314734	43.461973471815114	1.4058672507800846e-4
2728	2728	2728	2728	45.714214914445506	42.57938202495168	1.427814802903921e-4
2736	2736	2736	2736	46.25736685958854	43.17467981954274	1.4333121381577527e-4
2744	2744	2744	2744	46.2170367554631	43.412038052835484	1.4528790803189926e-4
2752	2752	2752	2752	46.21948728628597	43.49504309635159	1.4793272451963974e-4
2760	2760	2760	2760	46.3987644566459	43.6497575526533	1.5016017767543002e-4
2768	2768	2768	2768	46.36007403950327	43.356608487836915	1.5422125646636343e-4
2776	2776	2776	2776	46.275090440338	43.48289391435851	1.539442013553447e-4
2784	2784	2784	2784	46.52458915751677	43.84705235375826	1.5680186548755872e-4
2792	2792	2792	2792	46.40621915207079	43.58261636258833	1.610951132319862e-4
2800	2800	2800	2800	46.37160671590568	43.57791400845387	1.5827330774520132e-4
2808	2808	2808	2808	46.51911571399115	43.69535745436458	1.5970717268579314e-4
2816	2816	2816	2816	46.23154528682877	42.13015267715541	1.6322376919214606e-4
2824	2824	2824	2824	46.30830246929356	43.540923855204205	1.6435377444072452e-4
2832	2832	2832	2832	46.51181343708522	43.487077149178006	1.6483916410650195e-4
2840	2840	2840	2840	46.415770588075205	42.909896740214734	1.6726146623489955e-4
2848	2848	2848	2848	46.50851577307121	43.776519943744375	1.7112990732187633e-4
2856	2856	2856	2856	46.590041768613474	43.68193810793009	1.6884934393337917e-4
2864	2864	2864	2864	46.57108348277866	43.86026946562713	1.724096058271217e-4
2872	2872	2872	2872	46.40531132389014	43.58523838009049	1.770577016648243e-4
2880	2880	2880	2880	46.65383009573635	43.751588062330796	1.752298703702502e-4
2888	2888	2888	2888	46.42226460701019	43.04962540996847	1.777064678670907e-4
2896	2896	2896	2896	46.36516721026811	42.96678405844018	1.8179162602134668e-4
2904	2904	2904	2904	46.46390922331784	42.880233774134396	1.789248440423223e-4
2912	2912	2912	2912	46.5717070401712	43.303077390885825	1.8162348035485337e-4
2920	2920	2920	2920	46.53530953006304	43.25870983654388	1.857823903350562e-4
2928	2928	2928	2928	46.817811640468875	44.04625812014173	1.869035915402724e-4
2936	2936	2936	2936	46.72376192440791	44.133800888398575	1.88989100532709e-4
2944	2944	2944	2944	46.43643651340108	42.59145042802027	1.8990335414283802e-4
2952	2952	2952	2952	47.09408830903104	45.45024843626563	1.911083677101526e-4
2960	2960	2960	2960	46.8123314763968	45.092202564104866	1.906970105757468e-4
2968	2968	2968	2968	46.754787381838995	44.714261503667274	1.9587461158617365e-4
2976	2976	2976	2976	46.928603096475044	44.00846140149959	1.9646992918035435e-4
2984	2984	2984	2984	46.73157932331442	43.80870643184287	1.953756974745487e-4
2992	2992	2992	2992	46.752813049502905	44.127924858467296	1.9678951667005716e-4
3000	3000	3000	3000	46.744377604548305	43.1063147012762	1.9821820131785275e-4
3008	3008	3008	3008	46.60810623050203	42.94128074919582	2.0351773569813887e-4
3016	3016	3016	3016	46.30368991562741	42.59764031294882	2.0049443223994144e-4
3024	3024	3024	3024	46.58248603181642	42.56116428794284	2.0642313072688346e-4
3032	3032	3032	3032	46.511827510465594	42.25770776191045	2.0544571985494313e-4
3040	3040	3040	3040	46.76651895980105	43.394685831880196	2.0783154175984777e-4
3048	3048	3048	3048	46.89250128207396	44.5170979527702	2.090603325383583e-4
3056	3056	3056	3056	47.005665250480526	44.62621178541455	2.111041358424301e-4
3064	3064	3064	3064	46.773963792043155	44.382305939208656	2.119338677069917e-4
3072	3072	3072	3072	46.23063754026006	39.48272717921525	2.0747965037657117e-4
3080	3080	3080	3080	47.13892051496079	45.8500849647205	2.1366561737957258e-4
3088	3088	3088	3088	47.01138088857514	45.40070192261089	2.1593945957910725e-4
3096	3096	3096	3096	47.17066458450333	45.34349439193895	2.1534992359123904e-4
3104	3104	3104	3104	47.072697822774884	45.36914107474883	2.170229917293906e-4
3112	3112	3112	3112	46.994256723525375	44.74473318054519	2.195700497389139e-4
3120	3120	3120	3120	47.164474348005356	44.83306642950298	2.2024586484102783e-4
3128	3128	3128	3128	46.05413165139371	43.88645354331444	2.2475804303163764e-4
3136	3136	3136	3136	45.87483462128581	43.08917944495879	2.1970462875862303e-4
3144	3144	3144	3144	45.99819673941913	42.81983212930536	2.287567561829111e-4
3152	3152	3152	3152	45.907502084212396	42.51224973654652	2.284524038174179e-4
3160	3160	3160	3160	45.85549155279199	42.28632079210479	2.2429233372860198e-4
3168	3168	3168	3168	46.202398351285915	43.550016947722035	2.3001474894237026e-4
3176	3176	3176	3176	46.16016385089206	44.030809017922294	2.286304891867339e-4
3184	3184	3184	3184	46.155818867949925	44.31055914649064	2.341601830006093e-4
3192	3192	3192	3192	46.36906430556112	44.60232611398432	2.3471627993216268e-4
3200	3200	3200	3200	46.11630695233596	42.81090686868704	2.3030630048470664e-4
3208	3208	3208	3208	46.55718353335019	45.68202286470046	2.3374275885184784e-4
3216	3216	3216	3216	46.544126879617174	45.059933167752305	2.4150130956890952e-4
3224	3224	3224	3224	46.348750474684394	44.121944452882964	2.3805208648123126e-4
3232	3232	3232	3232	46.34998101251265	43.6940490540865	2.3859077434188833e-4
3240	3240	3240	3240	46.426968329908185	43.92642180501587	2.433708374560756e-4
3248	3248	3248	3248	46.38229100851664	43.641506499918634	2.490480352535352e-4
3256	3256	3256	3256	46.30054286843378	43.13266620501473	2.4630635578527744e-4
3264	3264	3264	3264	46.44814304067699	43.54240000387671	2.5548027612680495e-4
3272	3272	3272	3272	46.28812712648389	42.95801817594354	2.5981149829166605e-4
3280	3280	3280	3280	45.57173189048844	42.2588966365348	2.6573298872539905e-4
3288	3288	3288	3288	46.40965712832096	43.20468255572408	2.7382122104236897e-4
3296	3296	3296	3296	46.415334265807914	43.43684641835955	2.7579042729624183e-4
3304	3304	3304	3304	46.35534576945827	43.196256115761635	2.887728349692129e-4
3312	3312	3312	3312	46.480097770325266	43.24129643800531	2.850975832986748e-4
3320	3320	3320	3320	46.30982367456956	43.298352128162314	2.9399050729208686e-4
3328	3328	3328	3328	46.13327572017699	41.99104627081645	3.0450337062949516e-4
3336	3336	3336	3336	46.42023041915284	43.36183258373532	3.0962120250456926e-4
3344	3344	3344	3344	46.37989481747854	42.910991578776795	3.0438648912905114e-4
3352	3352	3352	3352	46.30609073089978	42.34013485087942	3.211097331179419e-4
3360	3360	3360	3360	46.548565653893895	43.55033273797718	3.138229774174558e-4
3368	3368	3368	3368	46.36157897262228	43.02219033422389	3.2167393695387855e-4
3376	3376	3376	3376	46.3282021190722	43.3963702111021	3.323469475585943e-4
3384	3384	3384	3384	46.4371511770461	42.76204589829571	3.2699523158956237e-4
3392	3392	3392	3392	46.45047344666038	43.29116043799095	3.364754366459722e-4
3400	3400	3400	3400	46.368300897655516	43.44316849866792	3.3905569758086276e-4
3408	3408	3408	3408	46.52190638604561	43.67055988554876	3.440184300139e-4
3416	3416	3416	3416	46.37378489950198	42.932333335921726	3.646862930811653e-4
3424	3424	3424	3424	46.402196196580306	43.517374521462834	3.510004119236017e-4
3432	3432	3432	3432	46.467763676711364	43.082080981515126	3.6043716745828304e-4
3440	3440	3440	3440	46.389690169126546	43.41791460373981	3.5841283481833307e-4
3448	3448	3448	3448	46.356156310457976	43.43551016456612	3.6239843618831875e-4
3456	3456	3456	3456	46.49318409965795	42.98317419210331	3.691951536247557e-4
3464	3464	3464	3464	46.390516273482234	43.06455901701259	3.702154606646346e-4
3472	3472	3472	3472	46.37967674350879	43.145335207204646	3.776950646382045e-4
3480	3480	3480	3480	46.46917787537057	43.146910726325586	3.7495413118775076e-4
3488	3488	3488	3488	46.419627448732314	43.16341635572284	3.8229882025684817e-4
3496	3496	3496	3496	46.39136455850779	43.235679321741145	3.8722230762662486e-4
3504	3504	3504	3504	46.54849619799179	43.33381996798775	3.8658467978953416e-4
3512	3512	3512	3512	46.20892682711015	41.96010691285585	3.9072986448783606e-4
3520	3520	3520	3520	46.35984057134775	43.21928153954819	3.944527132295846e-4
3528	3528	3528	3528	46.4380679262121	43.27951677593139	4.0264288885252526e-4
3536	3536	3536	3536	46.44814064012634	43.49503755050406	4.0241835677753274e-4
3544	3544	3544	3544	46.372537048309695	43.351003694476645	4.059808478791747e-4
3552	3552	3552	3552	46.49008815122002	43.429769047486964	4.117038091383061e-4
3560	3560	3560	3560	46.43721444151139	43.208380107110855	4.147666543825579e-4
3568	3568	3568	3568	46.40474811697748	43.321128548397205	4.117863659568494e-4
3576	3576	3576	3576	46.42709451330122	43.27697413147191	4.145687081703469e-4
3584	3584	3584	3584	46.288172910736016	42.523584854511085	4.2074847396944646e-4
3592	3592	3592	3592	46.54151194941174	43.37259442416858	4.2646253208398013e-4
3600	3600	3600	3600	46.769757906770046	43.653721308482375	4.3430835149637026e-4
3608	3608	3608	3608	46.67419348515734	43.38788052794976	4.374821761351694e-4
3616	3616	3616	3616	46.69830271159747	43.4060343861613	4.4029502061413486e-4
3624	3624	3624	3624	46.780930976409714	43.44786747744403	4.4536922420923623e-4
3632	3632	3632	3632	46.74331764874295	43.740604049151344	4.468778334526796e-4
3640	3640	3640	3640	46.50093618512394	42.72234999829456	4.592372600754884e-4
3648	3648	3648	3648	46.804309680591224	43.54912216271001	4.5497461865275546e-4
3656	3656	3656	3656	46.73070889058728	43.22615866252711	4.546324109173679e-4
3664	3664	3664	3664	46.724212607061766	43.113972682455916	4.6197449616002315e-4
3672	3672	3672	3672	46.82489750431264	42.863144312619326	4.639657403693471e-4
3680	3680	3680	3680	46.77808607615158	43.215391264272284	4.6545926193927793e-4
3688	3688	3688	3688	46.68315538473348	42.79317871050837	4.697615662074759e-4
3696	3696	3696	3696	46.82178663384219	43.423916725864416	4.694998808759664e-4
3704	3704	3704	3704	46.648109273424936	43.19180802225337	4.799848613739324e-4
3712	3712	3712	3712	46.657518777745665	42.89553551562297	4.803520830794487e-4
3720	3720	3720	3720	46.79115289730921	43.408120974391274	4.8441398515632235e-4
3728	3728	3728	3728	46.76056969114094	43.46244622027691	4.818238339574185e-4
3736	3736	3736	3736	46.73136257741324	43.25523623405601	4.881228994856327e-4
3744	3744	3744	3744	46.911527393821004	43.640809807659394	4.976704440928337e-4
3752	3752	3752	3752	46.021814835283735	43.556211802791296	4.901280625513192e-4
3760	3760	3760	3760	46.04975092377065	43.19308414782952	4.949319333339025e-4
3768	3768	3768	3768	46.11765471589246	43.20864448875875	4.99214801543368e-4
3776	3776	3776	3776	46.114920617772654	43.39228116507095	5.031750541109404e-4
3784	3784	3784	3784	46.01213715227658	43.42774365489944	5.141463352584604e-4
3792	3792	3792	3792	46.22512471632076	43.48815620555272	5.075435986030953e-4
3800	3800	3800	3800	46.153025576607476	43.38725763372935	5.090984249383033e-4
3808	3808	3808	3808	46.16306744613958	43.585096951799486	5.223798403401412e-4
3816	3816	3816	3816	46.26433669919135	43.69991670618066	5.235107405330354e-4
3824	3824	3824	3824	46.231994711811325	43.173129411425286	5.146573053958623e-4
3832	3832	3832	3832	46.24712656515543	43.12914491039345	5.227864372697467e-4
3840	3840	3840	3840	46.28266460560601	42.604858659262696	5.271576582314028e-4
3848	3848	3848	3848	46.167045804252695	42.81801180259597	5.20854621380131e-4
3856	3856	3856	3856	46.091757213541115	42.84621919330659	5.269061386304488e-4
3864	3864	3864	3864	46.29110306421247	43.21983920030332	5.368860312768857e-4
3872	3872	3872	3872	46.25894338290979	43.53234295972397	5.458625520318658e-4
3880	3880	3880	3880	45.80951623115532	42.01816180634256	5.378822484688514e-4
3888	3888	3888	3888	45.342227423586465	42.230720073942905	5.449324585404266e-4
3896	3896	3896	3896	45.636689773908266	42.21420065081694	5.38361610896884e-4
3904	3904	3904	3904	45.530501597276555	42.451548289726595	5.440363007703726e-4
3912	3912	3912	3912	46.016397226675146	42.69855560941043	5.45695285529718e-4
3920	3920	3920	3920	46.02373864452521	42.74361558520108	5.485009972782137e-4
3928	3928	3928	3928	45.72136129254656	42.35246805525193	5.557642939380463e-4
3936	3936	3936	3936	45.97959856446897	43.01098631282696	5.552770242817766e-4
3944	3944	3944	3944	45.95614183708915	43.82507467762013	5.525347355756267e-4
3952	3952	3952	3952	45.82426891767659	44.18096710429561	5.624520162660837e-4
3960	3960	3960	3960	46.31209912167479	44.70747983817278	5.717669243712233e-4
3968	3968	3968	3968	45.78324147566367	42.36276978551934	5.691732138980492e-4
3976	3976	3976	3976	46.15258028550074	45.80230433431479	5.741697580111179e-4
3984	3984	3984	3984	46.28016592276131	45.80347565541184	5.690187936860406e-4
3992	3992	3992	3992	46.16109049915667	44.82984265086479	5.824784002697691e-4
4000	4000	4000	4000	46.05289986620354	44.11705298904956	5.822373058226834e-4
4008	4008	4008	4008	46.025914525588036	44.5770315290545	5.766402617336807e-4
4016	4016	4016	4016	45.75966009687265	44.27009064245129	5.83881015597907e-4
4024	4024	4024	4024	46.04296550547125	43.0802621254885	5.868294472353506e-4
4032	4032	4032	4032	46.08550456094384	42.738171742189735	5.821129128102207e-4
4040	4040	4040	4040	45.85961264360232	41.32566514230851	5.909772846168628e-4
4048	4048	4048	4048	45.650277837031254	42.18325863874776	5.957677189477687e-4
4056	4056	4056	4056	45.88896988334452	42.13607039383129	5.981110103006641e-4
4064	4064	4064	4064	46.03103871873905	42.93903478884055	5.99823428971168e-4
4072	4072	4072	4072	46.05808360412708	42.991141573348536	6.118339180628376e-4
4080	4080	4080	4080	45.969014770474686	43.540520758195775	6.102274977238786e-4
4088	4088	4088	4088	45.621426178739576	43.066315055533906	6.21841727346027e-4
4096	4096	4096	4096	43.54979199933857	40.677189125268576	6.293354548643098e-4
# Flush value 171798691840
