# Number of cores: 4
8	8	8	8	0.006391291864834163	0.006891724546384537	1.6280579355608324e-14
16	16	16	16	0.04550150523778313	0.04476111378240154	2.1645329030274947e-13
24	24	24	24	0.1660002161461148	0.16398576512455515	9.845568954283848e-13
32	32	32	32	0.35908169415374497	0.34668895542600797	3.223578205224345e-12
40	40	40	40	0.6377868795280377	0.6243719696008897	7.247480175696741e-12
48	48	48	48	1.1377192531248392	1.0078648306281839	1.3489986462619823e-11
56	56	56	56	1.5544953218910713	1.6508831796346954	2.7706021158751932e-11
64	64	64	64	2.2367235494880546	2.0476320661131204	4.2852549047492165e-11
72	72	72	72	3.135958058174119	2.789513019042779	7.878555271493574e-11
80	80	80	80	3.979511732564376	3.8109699365086454	1.1737768221720528e-10
88	88	88	88	4.630194319880418	4.439383476867353	1.7866883947584828e-10
96	96	96	96	5.790915041235763	5.39911025404749	2.163297721900527e-10
104	104	104	104	6.648957612942505	5.8630334050881645	3.1947999959957305e-10
112	112	112	112	7.654281168958528	7.048145565460811	4.6155041570174815e-10
120	120	120	120	8.733756880107958	8.250415385496838	5.562182880709993e-10
128	128	128	128	9.663849592184693	9.069902820245566	6.294439300511197e-10
136	136	136	136	10.4411726860288	9.695041201273424	8.80841744971785e-10
144	144	144	144	11.963412435444905	11.144101543985101	1.1857802041028254e-9
152	152	152	152	12.13634085905938	11.546530590772791	1.3688085619715097e-9
160	160	160	160	13.264076890195724	12.636865958516772	1.705990974995406e-9
168	168	168	168	14.39042910600639	13.83049186352778	2.1426428946789775e-9
176	176	176	176	15.458269181148756	14.82060943153614	2.7634849470269913e-9
184	184	184	184	16.384118501062552	15.463543593040601	3.0662788057387627e-9
192	192	192	192	17.98929470072436	17.047921845193365	3.4666559471115697e-9
200	200	200	200	17.057241971902457	16.313679428042402	3.619187408292157e-9
208	208	208	208	18.653107672536194	16.318725099601593	5.139443104770993e-9
216	216	216	216	19.643406259258683	18.290559695668428	5.838202274460268e-9
224	224	224	224	20.812322118669645	18.909492244018978	6.722921839906327e-9
232	232	232	232	21.543343167192862	20.281682088463782	7.569681949451966e-9
240	240	240	240	23.342913203672996	21.772444564842477	8.243322822777778e-9
248	248	248	248	22.12107790458041	20.81311036971843	8.798410942634188e-9
256	256	256	256	23.68957274032739	21.64422243322462	1.0059658059515034e-8
264	264	264	264	24.64058923967994	22.79427508860778	1.1911398188159286e-8
272	272	272	272	25.755961705831158	23.916777097300578	1.4571924906520965e-8
280	280	280	280	26.601552322728015	24.597759622786544	1.6674640839727483e-8
288	288	288	288	27.465184863253967	25.882255044726442	1.808151445850164e-8
296	296	296	296	26.360077613536223	24.435303439874048	1.939913848782256e-8
304	304	304	304	27.378835985023457	25.559638018765018	2.0674784315741003e-8
312	312	312	312	27.582765566734295	26.500112121024394	2.2918153120629128e-8
320	320	320	320	28.962859516696426	27.270147394281157	2.53025963658414e-8
328	328	328	328	29.220209300438373	27.92604979238007	2.782691487731163e-8
336	336	336	336	30.643663824163326	29.237095825667534	3.291405187374408e-8
344	344	344	344	29.07742726283097	27.561756284365377	3.78620141099273e-8
352	352	352	352	30.05053735732367	29.024069486008766	4.2316288921372336e-8
360	360	360	360	30.70275591717047	29.74506687475973	4.495259735630949e-8
368	368	368	368	31.62748688059229	30.126732168106525	4.9474183415224496e-8
376	376	376	376	32.66908808428991	30.981012411084013	5.010783762089451e-8
384	384	384	384	33.276487060669545	31.871305970842336	5.410695617150681e-8
392	392	392	392	30.994370346891802	29.316185098536973	5.6966954830705244e-8
400	400	400	400	32.02358537062547	30.334312562860756	5.998541631134098e-8
408	408	408	408	32.796495774000405	31.354608714359383	7.019757028520729e-8
416	416	416	416	33.54959719305048	31.663468123127725	7.522411833073449e-8
424	424	424	424	34.28252026029971	32.33027470015244	8.400508972838283e-8
432	432	432	432	35.20375732323905	33.54463071666447	9.486241632822604e-8
440	440	440	440	33.65295156659815	31.81011916098122	9.80546014504238e-8
448	448	448	448	34.04858154564702	32.87877414978672	1.0483068835180408e-7
456	456	456	456	35.049175916383646	33.439538992710354	1.211041684982227e-7
464	464	464	464	36.002584758788885	34.056357781948286	1.1493063955197238e-7
472	472	472	472	35.95886723840717	34.863146447759505	1.2272980054537127e-7
480	480	480	480	37.049382761544514	35.30581323853068	1.2985188557157944e-7
488	488	488	488	34.648504572921674	33.30824687723377	1.3622801380773296e-7
496	496	496	496	35.459962367505284	34.40323394628622	1.4085772877795783e-7
504	504	504	504	36.01615358452316	34.906816047028094	1.512159300424009e-7
512	512	512	512	36.59013232864613	34.97617868746684	1.586039883645417e-7
520	520	520	520	37.15171914686962	35.777088343261376	1.7840115362224113e-7
528	528	528	528	38.41101242347373	36.80690459127514	2.1994992225059138e-7
536	536	536	536	36.576284350837255	34.84152502010863	2.0764107799741254e-7
544	544	544	544	37.23154116558742	36.04042350566589	2.2548779364054326e-7
552	552	552	552	37.979076764668356	36.22956133344706	2.5110501569025853e-7
560	560	560	560	38.502376472017176	36.6724419804405	2.582636591766411e-7
568	568	568	568	38.96574254815155	37.31671214577207	2.6943405134221145e-7
576	576	576	576	40.346270751562685	38.152683423506154	2.8594484838284956e-7
584	584	584	584	37.5191133452748	35.345137008592786	2.9485149096121873e-7
592	592	592	592	38.08395572250498	35.84667087203734	3.128024023868676e-7
600	600	600	600	38.71132854770508	36.58017994400185	3.239289329696949e-7
608	608	608	608	39.46424665238439	37.049963511452724	3.3782242086273994e-7
616	616	616	616	39.6671679687964	37.164092231922986	3.433638686893071e-7
624	624	624	624	40.90356702026436	38.04751973777548	3.530339117634872e-7
632	632	632	632	32.05928140799948	36.51121786179754	3.6364539124497645e-7
640	640	640	640	32.73947573176869	36.963641270613884	3.858014303832504e-7
648	648	648	648	33.4606008987337	37.57107867842624	4.2641150999707434e-7
656	656	656	656	34.18106396063141	37.99542924946554	4.7265698781483926e-7
664	664	664	664	34.614914135179745	38.07461874977158	4.74108140747626e-7
672	672	672	672	35.49579907421725	38.743368713726504	5.212079204482295e-7
680	680	680	680	34.20375049902588	36.7131099401371	5.560674330923489e-7
688	688	688	688	34.4126754537194	37.28201889855365	5.924265808179336e-7
696	696	696	696	35.41268724071625	38.01980798253103	6.267240447952932e-7
704	704	704	704	35.93084576807028	38.39336750565012	6.431387607755499e-7
712	712	712	712	36.1844977255375	38.67975194832528	6.366977773277272e-7
720	720	720	720	36.709255532308696	38.826161056668084	6.874649545941388e-7
728	728	728	728	35.1093096895848	35.480929160513746	7.112085559238031e-7
736	736	736	736	35.92921582784902	36.178811169355036	7.549114890686859e-7
744	744	744	744	36.30429967514576	36.394205146523	7.791202195435645e-7
752	752	752	752	36.68792073748017	36.747772864256476	8.100343729381336e-7
760	760	760	760	36.925705540344715	36.87253107478553	8.118996508703393e-7
768	768	768	768	37.331082075585364	36.87462005862528	8.363753775911242e-7
776	776	776	776	36.5760372804484	34.89527360975377	8.608242316443356e-7
784	784	784	784	36.811042648883955	35.40428733313585	8.792158645468591e-7
792	792	792	792	37.14667457863959	35.528275766189225	9.060040801545043e-7
800	800	800	800	37.547326498351	36.43414730681558	9.588986958978277e-7
808	808	808	808	37.604571738158	36.24229542046361	9.946176280823932e-7
816	816	816	816	38.381277875315526	36.629683352654745	1.0006132515525576e-6
824	824	824	824	36.697158896071066	35.94060753321452	1.140888019952236e-6
832	832	832	832	37.23724479866633	35.95955808851342	1.2098650944700561e-6
840	840	840	840	37.69761539227707	36.302036293461555	1.2481001265329466e-6
848	848	848	848	37.91433849199465	36.632215614582115	1.4116835088652684e-6
856	856	856	856	38.05079833802956	36.36970783369746	1.3886491174776422e-6
864	864	864	864	38.72943688604474	37.26541471498804	1.4830773227435341e-6
872	872	872	872	37.4943118821973	36.0993913155207	1.5930832756456507e-6
880	880	880	880	37.9756576899074	36.06207927940189	1.6463254447457814e-6
888	888	888	888	38.24082992827255	36.64253258034671	1.6820335444941392e-6
896	896	896	896	38.734712638924606	36.575755777606425	1.6851658563884614e-6
904	904	904	904	38.95870377715189	36.450610765582795	1.7022416347629461e-6
912	912	912	912	39.55218582835036	37.95582436485522	1.7631763957143176e-6
920	920	920	920	38.083841203145134	35.932826774341606	1.8369270096395334e-6
928	928	928	928	38.69432015511063	36.8043926234152	1.8886450287618726e-6
936	936	936	936	38.83272214765839	36.77919396632128	1.962078960959258e-6
944	944	944	944	39.03044642718367	36.950420830731375	2.0334489501617526e-6
952	952	952	952	39.17266308295802	37.480044037676684	2.0960245804606963e-6
960	960	960	960	39.755812989471	37.66569389224559	2.084685232533666e-6
968	968	968	968	38.64003984650983	34.9005328584501	2.1874021507777295e-6
976	976	976	976	39.0342844434521	35.689206377357024	2.174165718602547e-6
984	984	984	984	39.23744619781414	35.561933389840924	2.2700318626940974e-6
992	992	992	992	39.78502563674529	36.197623691681066	2.3214268374279017e-6
1000	1000	1000	1000	39.88968905389037	36.56253923617492	2.273648160646428e-6
1008	1008	1008	1008	40.398249980139944	37.34571169315472	2.333780648262834e-6
1016	1016	1016	1016	38.759717249061566	35.60730198623616	2.431344896506433e-6
1024	1024	1024	1024	38.52097639642607	35.50286237084548	2.5245707194423444e-6
1032	1032	1032	1032	39.7611508001395	37.90974381388511	2.5838050628534696e-6
1040	1040	1040	1040	39.99475489815429	36.90174344584346	2.842257345206885e-6
1048	1048	1048	1048	40.095325095293326	37.135767443160006	2.9046946307557598e-6
1056	1056	1056	1056	40.677621221412316	38.15450345885301	3.1067044987053945e-6
1064	1064	1064	1064	39.51446644930076	36.648284790195405	3.3114122017075654e-6
1072	1072	1072	1072	39.82519197101274	36.63182758564807	3.373097626954122e-6
1080	1080	1080	1080	40.5748738436859	36.742232578770896	3.4968234654635553e-6
1088	1088	1088	1088	40.808191844340506	37.19789079565597	3.718250298332826e-6
1096	1096	1096	1096	40.640655400630656	37.403438485189604	3.7840441907832544e-6
1104	1104	1104	1104	41.20595707573162	38.05230549841734	3.941547268876737e-6
1112	1112	1112	1112	39.758146500122194	36.9117354315172	4.099146671332562e-6
1120	1120	1120	1120	40.3179941283661	37.56977171115949	4.065232319407503e-6
1128	1128	1128	1128	40.6176280694875	37.794582366918945	4.245706668744779e-6
1136	1136	1136	1136	40.85362062408524	38.39131488896006	4.321824860135902e-6
1144	1144	1144	1144	41.25617636816221	37.95691745797557	4.434566544227902e-6
1152	1152	1152	1152	41.47885125665424	38.64203977656817	4.578198388219795e-6
1160	1160	1160	1160	40.831288341231264	36.808181742378196	4.61002529565561e-6
1168	1168	1168	1168	40.78066307756905	36.586428452342794	4.912458829594631e-6
1176	1176	1176	1176	41.04679865186947	36.638478206480045	4.9059230386991315e-6
1184	1184	1184	1184	41.56581562881025	36.964463040481085	4.940448476786206e-6
1192	1192	1192	1192	41.71421934133858	36.74328494061722	4.9213552327385105e-6
1200	1200	1200	1200	42.13968133816899	37.46335290591174	5.111141732923757e-6
1208	1208	1208	1208	40.61690437363229	36.93066372504774	5.276231638003669e-6
1216	1216	1216	1216	41.007531167839495	37.31864457893528	5.189606167712727e-6
1224	1224	1224	1224	41.38858258807508	37.884533377924576	5.405364130534147e-6
1232	1232	1232	1232	41.68559560241694	37.87117867665937	5.525277430730301e-6
1240	1240	1240	1240	41.92333465079628	37.93487948883543	5.530820463321598e-6
1248	1248	1248	1248	42.3987023904962	38.633962746871354	5.62474919335415e-6
1256	1256	1256	1256	37.165930461001096	37.115977073117186	5.737527594980308e-6
1264	1264	1264	1264	37.91734172117462	37.53005687041433	5.880901421492125e-6
1272	1272	1272	1272	38.30726328898614	37.862882018849724	6.016933160224289e-6
1280	1280	1280	1280	38.25179251469778	37.94748481328504	5.9615447138380725e-6
1288	1288	1288	1288	38.82279578072975	38.14242889913588	6.2542465292150455e-6
1296	1296	1296	1296	39.182155083537076	38.56848483785398	6.585925536373801e-6
1304	1304	1304	1304	38.488196753767724	38.10875283524344	6.796171154382857e-6
1312	1312	1312	1312	38.72904122990523	38.381007207644785	7.1614924888017605e-6
1320	1320	1320	1320	39.0244425531089	38.75702078455041	7.570141874224781e-6
1328	1328	1328	1328	39.33154881060181	38.98307803454834	7.467667536634968e-6
1336	1336	1336	1336	39.62839996737491	39.38806973552729	7.834893955833382e-6
1344	1344	1344	1344	39.90841661574789	39.41506426390392	8.157348049699325e-6
1352	1352	1352	1352	38.77764530192697	36.63062543643201	8.447052830723226e-6
1360	1360	1360	1360	39.119599377192024	36.88751016037351	8.782689292904354e-6
1368	1368	1368	1368	39.375441293940526	37.20600224918232	9.180131227452382e-6
1376	1376	1376	1376	39.73462762826256	37.66182349156019	9.13746202968364e-6
1384	1384	1384	1384	39.6911289759554	37.800987329169196	9.580600743454961e-6
1392	1392	1392	1392	40.17665040446955	38.46024662866435	9.760021705470645e-6
1400	1400	1400	1400	39.45892211885841	37.84385413395353	1.0211721299572971e-5
1408	1408	1408	1408	39.614129774933936	38.024643095989276	1.0457345731453954e-5
1416	1416	1416	1416	39.83471186113649	38.617810446210356	1.068391435591848e-5
1424	1424	1424	1424	40.21997917486025	38.82450595462867	1.0687862410906707e-5
1432	1432	1432	1432	40.32624502181268	38.92788780238329	1.0880378533239117e-5
1440	1440	1440	1440	40.742756714990804	39.40346892791533	1.0797739631702342e-5
1448	1448	1448	1448	39.56467665740454	38.12126624494664	1.1476951352829172e-5
1456	1456	1456	1456	39.7095367182917	38.46884288218989	1.1618663857423637e-5
1464	1464	1464	1464	39.89483297581066	38.661539386771985	1.1909076639880835e-5
1472	1472	1472	1472	40.11927266707878	39.12303636185867	1.173193697416029e-5
1480	1480	1480	1480	40.41302668972975	39.24710743455464	1.2180147542463954e-5
1488	1488	1488	1488	40.90382999779655	39.54981585633398	1.2139097232185257e-5
1496	1496	1496	1496	40.0506725341954	38.877952247032916	1.2321413289787909e-5
1504	1504	1504	1504	40.31646097135205	39.094133242877106	1.2360888203692045e-5
1512	1512	1512	1512	40.572106691767196	39.62495027751281	1.3130383756130299e-5
1520	1520	1520	1520	40.75151479874927	39.94370995714188	1.3307729763594065e-5
1528	1528	1528	1528	40.58514359499636	39.97860910455108	1.3056274649998967e-5
1536	1536	1536	1536	40.26750000366687	39.83327256284206	1.3724220236828253e-5
1544	1544	1544	1544	40.38780822719858	37.53239472432069	1.3599267011998805e-5
1552	1552	1552	1552	40.54079480336377	37.9715046672045	1.331036579347103e-5
1560	1560	1560	1560	40.87841181987986	38.02797664901354	1.3853560756804795e-5
1568	1568	1568	1568	40.90373298636469	38.5794316714666	1.3971441892175424e-5
1576	1576	1576	1576	40.92037431099778	38.780550138726255	1.4036767294894387e-5
1584	1584	1584	1584	41.304871555641114	39.13100494247497	1.4462143110255261e-5
1592	1592	1592	1592	40.636686711672596	38.63697286714876	1.4380261364923834e-5
1600	1600	1600	1600	40.91430363255887	39.1183447110637	1.473549302266229e-5
1608	1608	1608	1608	41.22030401015806	39.19243112978067	1.5015668785965368e-5
1616	1616	1616	1616	41.404128876067205	39.52984290286511	1.5292570319523177e-5
1624	1624	1624	1624	41.58137809163849	39.69002520522667	1.5415753593874807e-5
1632	1632	1632	1632	41.80980707743598	40.076378409788965	1.6399673998875554e-5
1640	1640	1640	1640	40.84280470646937	38.7798796458057	1.7504596443663214e-5
1648	1648	1648	1648	40.95059587387463	39.06107559067835	1.6557034186774635e-5
1656	1656	1656	1656	41.295161990618624	39.394002094948895	1.811147720859149e-5
1664	1664	1664	1664	41.490871089360425	39.42487237200023	1.8743741774165092e-5
1672	1672	1672	1672	41.51561875995587	39.72351983582929	1.8981622966681e-5
1680	1680	1680	1680	41.9130275720113	40.03534326241872	1.948579673561755e-5
1688	1688	1688	1688	40.97599043721143	39.64558891437185	2.1159816795005355e-5
1696	1696	1696	1696	41.365960288961965	39.858771488404855	2.0065883966561182e-5
1704	1704	1704	1704	41.60802814614271	39.91134691740212	2.2096527924199097e-5
1712	1712	1712	1712	41.87812497944809	40.245003455746726	2.243661660584405e-5
1720	1720	1720	1720	41.66582497592082	40.39570395852094	2.3257958466307516e-5
1728	1728	1728	1728	41.98389536621108	40.6784770720549	2.2918741619265534e-5
1736	1736	1736	1736	41.28049309448496	38.168167793273994	2.3268648691651984e-5
1744	1744	1744	1744	41.52358166250817	38.3272827310589	2.417385395183933e-5
1752	1752	1752	1752	41.65833096358242	38.71059081996042	2.4850633954311424e-5
1760	1760	1760	1760	41.90535038705202	39.11524594775195	2.442990730440245e-5
1768	1768	1768	1768	42.03991150440122	39.227776620183185	2.569395778484553e-5
1776	1776	1776	1776	42.19838117581421	39.633963873131165	2.6022052708796352e-5
1784	1784	1784	1784	41.574700816139504	39.36522881568667	2.660704876381183e-5
1792	1792	1792	1792	41.64687637377205	39.38283481837059	2.672336210140944e-5
1800	1800	1800	1800	42.07610060170555	39.894064294743366	2.703344992012633e-5
1808	1808	1808	1808	42.197628394492824	39.90884222394762	2.7302766201008964e-5
1816	1816	1816	1816	42.37634319591549	40.2593423501148	2.8312143526509684e-5
1824	1824	1824	1824	42.584880100214605	40.45938143353321	2.834625455517804e-5
1832	1832	1832	1832	41.668749965564636	39.44857151905338	2.9471528513241814e-5
1840	1840	1840	1840	42.00505992916951	39.606233861439634	2.9252706328314373e-5
1848	1848	1848	1848	42.138760062820424	39.69351635515819	3.0023706238482507e-5
1856	1856	1856	1856	42.282666918648154	40.03143227207667	3.043743736432369e-5
1864	1864	1864	1864	42.40896089221061	40.02413850012173	3.057875127282958e-5
1872	1872	1872	1872	42.63442080996373	40.36049651221555	3.079743790778845e-5
1880	1880	1880	1880	39.15787103780204	39.754339439233206	3.102597821156771e-5
1888	1888	1888	1888	39.458102799328415	40.29561597868993	3.118428203923107e-5
1896	1896	1896	1896	39.68342680318775	40.43372904626337	3.1484570358493317e-5
1904	1904	1904	1904	39.892651030172395	40.8622848232646	3.158989941798284e-5
1912	1912	1912	1912	40.1165636969467	41.024970692791804	3.23630717673681e-5
1920	1920	1920	1920	40.531996425912396	40.70708064172099	3.293085151431863e-5
1928	1928	1928	1928	40.093315548172185	40.22700937938596	3.280476338042175e-5
1936	1936	1936	1936	40.06554240454139	40.121320031648914	3.3009781989548855e-5
1944	1944	1944	1944	40.14271674224034	40.14751852610136	3.4006212863303054e-5
1952	1952	1952	1952	40.37974146425396	39.78885548569514	3.4292774938181804e-5
1960	1960	1960	1960	40.3534844363794	39.82268957536565	3.564128501561847e-5
1968	1968	1968	1968	40.816535307206884	40.150009624905145	3.508192883453112e-5
1976	1976	1976	1976	40.25888194922012	39.445852736615336	3.515653542980788e-5
1984	1984	1984	1984	40.5332167069332	40.04562307742887	3.618355424257323e-5
1992	1992	1992	1992	40.56908233343704	39.77790036108318	3.620823956788946e-5
2000	2000	2000	2000	40.710977322173996	39.98887089728493	3.7259959506230115e-5
2008	2008	2008	2008	40.64304847100418	40.001812604746256	3.658346450745602e-5
2016	2016	2016	2016	40.84883323470534	40.42080875646147	3.67684816333407e-5
2024	2024	2024	2024	40.64301769213199	40.17462925160409	3.68855483586697e-5
2032	2032	2032	2032	40.60250725894866	40.443378542052514	3.928013925444184e-5
2040	2040	2040	2040	40.70763428390524	40.37964686701135	3.819630085932686e-5
2048	2048	2048	2048	40.00086294486118	39.23518178213782	3.964824627034054e-5
2056	2056	2056	2056	41.1888280492256	42.3625166771192	4.040122241452729e-5
2064	2064	2064	2064	41.44707738187818	42.214234862654756	4.183914913213049e-5
2072	2072	2072	2072	40.4928558206427	40.84511267290095	4.3188819818944685e-5
2080	2080	2080	2080	40.49314281586057	40.681762667102014	4.418919692307699e-5
2088	2088	2088	2088	40.71763641274902	40.43660185414781	4.7094761036775706e-5
2096	2096	2096	2096	41.020139513135426	40.42112620845075	4.647465542969455e-5
2104	2104	2104	2104	41.18518812915358	40.725633599518666	4.738700463020051e-5
2112	2112	2112	2112	41.537620617048866	41.000447861093456	4.9865119000537395e-5
2120	2120	2120	2120	40.7983710912518	38.745918811945714	5.0787214779733095e-5
2128	2128	2128	2128	41.03114045352323	38.789154728492356	5.206990263346644e-5
2136	2136	2136	2136	41.14360647299623	38.997567814941135	5.246915322889463e-5
2144	2144	2144	2144	41.37980595505815	39.22032967475312	5.506527291712415e-5
2152	2152	2152	2152	41.487793650669026	39.49277483665318	5.417757293254127e-5
2160	2160	2160	2160	41.71240558734287	40.04674666855597	5.649023722982243e-5
2168	2168	2168	2168	41.107693825998595	39.73005015379572	5.747445674861752e-5
2176	2176	2176	2176	41.35847910480558	38.88878628145455	5.8744663905160135e-5
2184	2184	2184	2184	41.78756671726381	40.261082331113485	6.089238048751085e-5
2192	2192	2192	2192	41.48115848134354	41.045321364754955	6.0676474459025826e-5
2200	2200	2200	2200	41.58910517927273	40.65440938514524	6.0699773581662875e-5
2208	2208	2208	2208	41.809127594963265	40.73186441185903	6.115494647874833e-5
2216	2216	2216	2216	41.197227541378794	39.826985293664464	6.371254206852295e-5
2224	2224	2224	2224	41.574259046982874	40.0466795734134	6.447889310060695e-5
2232	2232	2232	2232	41.76146431777109	40.093974150460326	6.524125223692897e-5
2240	2240	2240	2240	41.96312279205119	40.15440474255254	6.745887171369673e-5
2248	2248	2248	2248	42.04835301301878	40.32217567021444	6.499585203063423e-5
2256	2256	2256	2256	42.362496882165246	40.665173607208665	6.691507422053287e-5
2264	2264	2264	2264	41.50662304676748	40.17709556210323	6.903278107982251e-5
2272	2272	2272	2272	41.689464583838244	40.39896365466269	6.812703994519654e-5
2280	2280	2280	2280	41.90575519985938	40.220030560343	7.059293913376913e-5
2288	2288	2288	2288	41.998398068290335	40.89296015043272	6.945810864405402e-5
2296	2296	2296	2296	42.09364015540136	40.30839641148403	7.21425034104822e-5
2304	2304	2304	2304	42.07040439818204	39.341612945950274	7.29521893726433e-5
2312	2312	2312	2312	41.832836700702785	38.71019955870862	7.268551209371345e-5
2320	2320	2320	2320	41.94998313725415	38.839203729339495	7.213275208748541e-5
2328	2328	2328	2328	42.05295986683781	39.06216823098988	7.562897014488806e-5
2336	2336	2336	2336	42.295089443832964	39.2580755802526	7.574322237246558e-5
2344	2344	2344	2344	42.384738341652096	39.373530672971945	7.777097471358623e-5
2352	2352	2352	2352	42.49017398589305	39.43532743800914	7.768760653026329e-5
2360	2360	2360	2360	41.86656428371871	39.0438540053142	7.807871760323089e-5
2368	2368	2368	2368	33.73788475929823	31.444255610914432	7.813093608278095e-5
2376	2376	2376	2376	34.07646177875935	25.68214228670374	7.93958032085667e-5
2384	2384	2384	2384	41.913179957741974	39.18942255047177	7.961217272753554e-5
2392	2392	2392	2392	42.17929782652584	39.68833209801062	8.104136490726494e-5
2400	2400	2400	2400	42.78110202132011	39.99412979679377	8.149984385358658e-5
2408	2408	2408	2408	42.0673643336139	39.0137691374378	8.284565342217053e-5
2416	2416	2416	2416	42.19222586877751	39.413451394236226	8.261909014391102e-5
2424	2424	2424	2424	42.47235211515914	39.08751470709871	8.298627780262255e-5
2432	2432	2432	2432	42.55669072813985	38.92589495993507	8.479250426975091e-5
2440	2440	2440	2440	42.62458798198612	39.35635891476181	8.5008176976905e-5
2448	2448	2448	2448	42.848803940746315	39.80173323153447	8.362283128592092e-5
2456	2456	2456	2456	41.8674360274166	39.26256501959201	8.649272701224283e-5
2464	2464	2464	2464	42.349523920234056	39.183424188433385	8.564845249531359e-5
2472	2472	2472	2472	42.13637127616633	40.051764271076706	8.780458119245237e-5
2480	2480	2480	2480	42.596591977065515	39.35498769412262	8.799099220576624e-5
2488	2488	2488	2488	42.73563133040347	39.858485037952335	8.892909131197766e-5
2496	2496	2496	2496	42.8886574249264	39.951679384280055	9.038705867417985e-5
2504	2504	2504	2504	40.35219430161876	38.37586004197197	9.072743280576265e-5
2512	2512	2512	2512	40.47343302802676	38.547248178279844	9.13194512997328e-5
2520	2520	2520	2520	40.795956006456365	38.73934155440026	9.205990931175212e-5
2528	2528	2528	2528	40.98438814612479	38.99152634849076	9.209147160332786e-5
2536	2536	2536	2536	41.07649720540704	39.235457039882064	9.329396990151033e-5
2544	2544	2544	2544	41.36913336728155	39.7340780277416	9.337413373091621e-5
2552	2552	2552	2552	40.67445707685571	39.138407998271475	9.632191740298523e-5
2560	2560	2560	2560	40.15887716755898	37.52390991772374	9.484228445127273e-5
2568	2568	2568	2568	41.13110710950631	39.54463210280991	9.764048609310074e-5
2576	2576	2576	2576	41.358027212576836	39.63091890607449	9.531995962690971e-5
2584	2584	2584	2584	41.46672627110125	39.92379930398732	1.0324653184958479e-4
2592	2592	2592	2592	41.615196238747586	39.810869511752294	1.055304570163572e-4
2600	2600	2600	2600	40.890494369683	39.042004721110445	1.0759865077981857e-4
2608	2608	2608	2608	41.24108723702745	39.45071573097343	1.0848019149245598e-4
2616	2616	2616	2616	41.42695445811153	39.40946174626286	1.1338226086696172e-4
2624	2624	2624	2624	41.53761494227418	38.554298445309044	1.1039758560624985e-4
2632	2632	2632	2632	41.137041921117174	39.63123330125185	1.1715550314915088e-4
2640	2640	2640	2640	41.77924020070409	39.4166107910583	1.1631039683220429e-4
2648	2648	2648	2648	41.24788083665493	38.70872181853305	1.2370478420391422e-4
2656	2656	2656	2656	41.44897638419855	39.4173727162927	1.2305332358940422e-4
2664	2664	2664	2664	41.61507938657544	39.98597887170399	1.2540205335010937e-4
2672	2672	2672	2672	41.699238239539056	39.75825392730742	1.2724071440916307e-4
2680	2680	2680	2680	41.773053809173796	39.89988207428788	1.2817476831386516e-4
2688	2688	2688	2688	41.752223995812805	39.11558995910847	1.3379913860934987e-4
2696	2696	2696	2696	41.09538433620951	38.558581058823215	1.3310719448897287e-4
2704	2704	2704	2704	41.451969326211845	38.50939317883253	1.3962436065774431e-4
2712	2712	2712	2712	41.40038613514572	39.442144453804396	1.403888685206689e-4
2720	2720	2720	2720	41.79069837083618	38.56367135823155	1.3931114009401688e-4
2728	2728	2728	2728	41.79641230323982	38.61484086766831	1.42520077702653e-4
2736	2736	2736	2736	42.18980765934513	39.34124560990971	1.4506257079335394e-4
2744	2744	2744	2744	41.69803285792705	38.59290051197352	1.4636298889651657e-4
2752	2752	2752	2752	41.771238076852896	38.39031532439643	1.4661831556099208e-4
2760	2760	2760	2760	42.05908694516366	39.38453791802952	1.524779549582794e-4
2768	2768	2768	2768	42.10043522503226	38.90639800654454	1.5289231569520832e-4
2776	2776	2776	2776	42.14127066878131	38.954609607969104	1.5535710262210996e-4
2784	2784	2784	2784	42.36312221613928	39.98921839887503	1.5512477247880957e-4
2792	2792	2792	2792	41.70680651376058	38.76254719009903	1.5725219059365802e-4
2800	2800	2800	2800	42.01401620269999	38.48523611356801	1.6147029183717084e-4
2808	2808	2808	2808	42.07121962035684	38.45422026658168	1.6446009204518873e-4
2816	2816	2816	2816	41.9160369080188	38.83413576900309	1.6161931048533842e-4
2824	2824	2824	2824	41.97297221626103	40.81062034074638	1.6399073913962774e-4
2832	2832	2832	2832	42.2409886746904	40.74323021504127	1.6506074839278199e-4
2840	2840	2840	2840	41.9536679993785	39.69152728292854	1.6991234212150624e-4
2848	2848	2848	2848	42.208268564548966	40.17660237335807	1.6983487716686237e-4
2856	2856	2856	2856	42.2987074370178	40.874644618121536	1.689602342557616e-4
2864	2864	2864	2864	42.4422945886048	41.065102118043036	1.7444225722454428e-4
2872	2872	2872	2872	42.50067485865515	41.10527180703015	1.7770742748211314e-4
2880	2880	2880	2880	42.58489957040648	41.09607564575635	1.817392438252311e-4
2888	2888	2888	2888	41.99118270431294	39.676806462730625	1.7848461343253832e-4
2896	2896	2896	2896	42.1118562335283	39.64159505945879	1.7868530097169748e-4
2904	2904	2904	2904	42.17594552588036	39.28603642974594	1.8233301475074242e-4
2912	2912	2912	2912	42.36189119442226	39.2346200808772	1.8395812716595272e-4
2920	2920	2920	2920	42.41330292078978	39.59123398379676	1.860121829804569e-4
2928	2928	2928	2928	42.62108457705969	40.227079630374774	1.8913567208105316e-4
2936	2936	2936	2936	42.18180567248927	40.57460446072121	1.8533943290962592e-4
2944	2944	2944	2944	42.39771607612069	40.12049633305868	1.906341048180184e-4
2952	2952	2952	2952	42.70378785507704	41.707128155012654	1.8989407474360746e-4
2960	2960	2960	2960	42.68329215150125	41.34237550288465	1.9697516215982588e-4
2968	2968	2968	2968	42.389191380275655	41.4103964984178	1.9536580512255426e-4
2976	2976	2976	2976	42.52821487049737	40.582586366513716	1.9626454662207836e-4
2984	2984	2984	2984	42.13998677082623	40.48691199534397	1.9798463134238327e-4
2992	2992	2992	2992	42.39520467481169	40.34946849364443	2.0011657436302006e-4
3000	3000	3000	3000	42.56803958384974	39.343334394364774	2.0082006966231603e-4
3008	3008	3008	3008	42.68654976249459	38.86285523641614	2.042949525741284e-4
3016	3016	3016	3016	42.5952659984712	39.06740764965997	2.0355278539443172e-4
3024	3024	3024	3024	42.731646118969465	39.07144439075831	2.047905957858951e-4
3032	3032	3032	3032	42.2682993394256	39.06986928673949	2.0425168137373965e-4
3040	3040	3040	3040	42.43095776794823	39.6955114902528	2.100214634438505e-4
3048	3048	3048	3048	42.62145547063907	40.28246609168024	2.1046622046102482e-4
3056	3056	3056	3056	42.753326319878674	40.09157914495933	2.093039485797303e-4
3064	3064	3064	3064	42.82023081424824	40.32040027041533	2.1383927037666893e-4
3072	3072	3072	3072	41.21878286984373	37.35633479603855	2.1455301047824615e-4
3080	3080	3080	3080	42.57680157140641	40.512708448077944	2.1896640596382437e-4
3088	3088	3088	3088	41.87953309467482	40.37408512808267	2.2020263039812654e-4
3096	3096	3096	3096	42.54808048086124	40.36350400892048	2.169229138822487e-4
3104	3104	3104	3104	42.61940336244692	39.616224004406554	2.194375900452211e-4
3112	3112	3112	3112	42.65326255585379	39.76225848703	2.228416718587479e-4
3120	3120	3120	3120	42.915718889423445	39.569830466689616	2.2086737375343141e-4
3128	3128	3128	3128	40.96102557991028	39.736027392058965	2.2117496749553966e-4
3136	3136	3136	3136	41.21218088827582	39.430722090995005	2.1977227533524006e-4
3144	3144	3144	3144	41.26441706975086	39.59006918486446	2.2495661563608617e-4
3152	3152	3152	3152	41.19667458357247	38.9252435495846	2.2801642923378325e-4
3160	3160	3160	3160	41.35362257419271	38.520178920574224	2.280005984341479e-4
3168	3168	3168	3168	41.54548667926164	39.35217164389887	2.2811238772378782e-4
3176	3176	3176	3176	41.19252825806443	39.79896816033429	2.2924947518414353e-4
3184	3184	3184	3184	41.16824150447509	39.94299899192815	2.3324844306378415e-4
3192	3192	3192	3192	41.663010761080216	40.42948119925207	2.303936569949473e-4
3200	3200	3200	3200	41.812728257422776	38.70323726358645	2.3459794552588552e-4
3208	3208	3208	3208	42.09358425644182	41.00198741507382	2.3959276028010453e-4
3216	3216	3216	3216	42.22389175704534	40.66040277712048	2.380321470455574e-4
3224	3224	3224	3224	41.52067987876423	40.22479678976414	2.3853668625370623e-4
3232	3232	3232	3232	41.74637391558689	40.079152270729516	2.4257037125091567e-4
3240	3240	3240	3240	41.8441719765245	39.696887200622164	2.450730772886908e-4
3248	3248	3248	3248	41.98041923420351	39.33141620663941	2.459912502715341e-4
3256	3256	3256	3256	42.117591927931585	39.43125410012559	2.579750723109828e-4
3264	3264	3264	3264	42.3038778192827	39.11206725209872	2.5826444284613207e-4
3272	3272	3272	3272	41.86021358257291	38.795581048516205	2.6282098859192917e-4
3280	3280	3280	3280	41.279751043349364	38.7240657357877	2.6205032775370737e-4
3288	3288	3288	3288	42.0759952448602	39.24152234681649	2.7153228098137895e-4
3296	3296	3296	3296	42.27551386717212	38.564116928722086	2.783189472104349e-4
3304	3304	3304	3304	42.29767877172949	38.97883588977756	2.886617931761688e-4
3312	3312	3312	3312	42.392957511573016	39.08248934547913	2.9260905419788174e-4
3320	3320	3320	3320	41.90351694648257	38.99923520853915	2.9422089165866984e-4
3328	3328	3328	3328	41.83879313378446	38.99974025385797	2.9240850497557386e-4
3336	3336	3336	3336	42.19283686312555	39.06191066076749	3.085622793355896e-4
3344	3344	3344	3344	42.32886500247198	38.79426229509813	3.0701648391746737e-4
3352	3352	3352	3352	42.37986793871613	38.30166055238935	3.118948804216818e-4
3360	3360	3360	3360	42.60221893632424	39.23698185286424	3.213928431739426e-4
3368	3368	3368	3368	42.07937763746164	38.98450886813818	3.1634291347278906e-4
3376	3376	3376	3376	41.89402997763601	39.308820731538134	3.2838331802599217e-4
3384	3384	3384	3384	42.31632033652562	38.93977193544892	3.33449330147544e-4
3392	3392	3392	3392	42.115777551722665	38.69541351182988	3.2868852602349966e-4
3400	3400	3400	3400	42.41114090948881	39.5683962612279	3.3420502384263215e-4
3408	3408	3408	3408	42.56790803364419	39.575506760409866	3.4444083834545594e-4
3416	3416	3416	3416	42.06643801660879	38.64936086123781	3.4432067481093723e-4
3424	3424	3424	3424	42.431052344911116	39.4939297918722	3.5931950075334377e-4
3432	3432	3432	3432	42.198043289150704	39.21381653649419	3.5401586551443183e-4
3440	3440	3440	3440	42.564165966004026	38.93410573797831	3.576116558214657e-4
3448	3448	3448	3448	42.65221099649268	39.229036181441096	3.686151708799067e-4
3456	3456	3456	3456	42.708302920564634	38.21797365932904	3.6451011815127464e-4
3464	3464	3464	3464	42.4731135834395	38.80441575647011	3.715586612648397e-4
3472	3472	3472	3472	42.52569683974858	38.8093098377025	3.8809418632695497e-4
3480	3480	3480	3480	42.68906895820027	39.17837979519027	3.7593552449439056e-4
3488	3488	3488	3488	42.71117644805279	39.02814891096642	3.786708554966255e-4
3496	3496	3496	3496	42.80509614185364	39.11565195263678	3.7966210526409075e-4
3504	3504	3504	3504	43.00169083083312	39.33180250006833	3.909035291308104e-4
3512	3512	3512	3512	42.15795258129497	38.15377478953588	3.932125960145183e-4
3520	3520	3520	3520	42.437559236875984	39.13460097508399	3.9769619750091835e-4
3528	3528	3528	3528	42.62043227255559	39.5179236374916	3.97139803731573e-4
3536	3536	3536	3536	42.7372704933398	39.314735408736894	4.1431606611251154e-4
3544	3544	3544	3544	42.85921393944479	39.379198209137876	4.055950632017213e-4
3552	3552	3552	3552	42.96248043857792	39.65369251828845	4.089242151633286e-4
3560	3560	3560	3560	42.68323523100346	39.154019351445875	4.084596671752966e-4
3568	3568	3568	3568	42.677483937519284	39.733532458022985	4.2068416111479934e-4
3576	3576	3576	3576	42.85756337225973	39.81836203384628	4.195148170938331e-4
3584	3584	3584	3584	42.13632094725588	37.2660471541557	4.26390549120299e-4
3592	3592	3592	3592	43.017067599909	39.2444192206964	4.3254308380063334e-4
3600	3600	3600	3600	43.13835497120278	39.84893863185557	4.308750799054226e-4
3608	3608	3608	3608	42.70682291921081	39.969953357143375	4.340677225638441e-4
3616	3616	3616	3616	42.74659879634013	40.00042847066994	4.3459018123738946e-4
3624	3624	3624	3624	42.92639232982164	39.39019883301718	4.4296529470487197e-4
3632	3632	3632	3632	43.01563903528396	39.77986265417686	4.4149378862531804e-4
3640	3640	3640	3640	42.70472085561834	38.46002526269157	4.483542362983898e-4
3648	3648	3648	3648	43.112436732601736	39.394301410759965	4.570844200292724e-4
3656	3656	3656	3656	42.802513555513	39.29375194139613	4.5762929334786676e-4
3664	3664	3664	3664	43.01154110950529	38.83187485235402	4.562349921398884e-4
3672	3672	3672	3672	43.07319346027021	39.025546594775896	4.6009424124526116e-4
3680	3680	3680	3680	43.09941571158683	39.24335106864035	4.6995973032366167e-4
3688	3688	3688	3688	43.15805937365677	38.47782046459658	4.6740209679890755e-4
3696	3696	3696	3696	43.34091428115914	39.41895689723853	4.674310404320546e-4
3704	3704	3704	3704	42.828924805948176	39.765765376281436	4.7134430518839344e-4
3712	3712	3712	3712	42.91018918058459	38.34254029504532	4.7652806754676857e-4
3720	3720	3720	3720	43.04090123229526	39.82588574821624	4.8613331959361473e-4
3728	3728	3728	3728	43.12694334793161	39.789367566673796	4.8390279656516737e-4
3736	3736	3736	3736	43.157232135288815	39.84379431598008	4.916299787294904e-4
3744	3744	3744	3744	43.3922066402958	40.03607345807758	4.898127365385495e-4
3752	3752	3752	3752	41.622009560106555	39.67396007615212	4.960685716932491e-4
3760	3760	3760	3760	41.70125730256753	39.962494325041924	4.98297796286193e-4
3768	3768	3768	3768	41.786419931285444	39.927068816332145	5.032453162152735e-4
3776	3776	3776	3776	41.82063186027885	39.304133898847766	5.041501654839186e-4
3784	3784	3784	3784	41.929410876199256	39.90895927930795	5.070945154873909e-4
3792	3792	3792	3792	42.291591129738954	39.56646625468766	5.089979254581611e-4
3800	3800	3800	3800	41.75061071605177	39.61588048948707	5.029972087367622e-4
3808	3808	3808	3808	41.86222655577732	39.82752037959377	5.156067334210121e-4
3816	3816	3816	3816	41.68398271654734	40.046467600062186	5.159157697163929e-4
3824	3824	3824	3824	41.90277785626258	38.87394439514612	5.283697836778098e-4
3832	3832	3832	3832	42.27467786183945	39.323518307985346	5.148876506004171e-4
3840	3840	3840	3840	42.28796823441026	39.42984697796331	5.23841374426598e-4
3848	3848	3848	3848	41.9150398379956	38.85120074027992	5.282766088918462e-4
3856	3856	3856	3856	41.69209714548255	39.21363421301885	5.346603483507272e-4
3864	3864	3864	3864	42.10185357825975	39.57439411789085	5.307887290425729e-4
3872	3872	3872	3872	42.288385585233215	39.2496382849738	5.350329654811683e-4
3880	3880	3880	3880	42.278895481325584	38.908158835414135	5.383058586316621e-4
3888	3888	3888	3888	42.49668548673052	39.25368728972855	5.373442793848089e-4
3896	3896	3896	3896	42.110085833266645	39.145131431066325	5.328575769467574e-4
3904	3904	3904	3904	42.14017196245013	38.86290216615118	5.437873614828304e-4
3912	3912	3912	3912	42.314533155364046	39.40067487731546	5.51602701917396e-4
3920	3920	3920	3920	42.247790003884866	39.509872082304256	5.459054539825397e-4
3928	3928	3928	3928	42.25482535981678	39.01567251465121	5.597678305775628e-4
3936	3936	3936	3936	42.491590637217776	39.16681538044134	5.604591500618673e-4
3944	3944	3944	3944	41.78886846539843	39.30102782854912	5.633711460473682e-4
3952	3952	3952	3952	42.08100126175705	39.52384159302638	5.627314887181283e-4
3960	3960	3960	3960	42.307990233877355	40.06590604195592	5.683760913351008e-4
3968	3968	3968	3968	42.43562898079084	38.645914849420194	5.668139852778733e-4
3976	3976	3976	3976	42.727414437379544	41.11348222710407	5.855655436410885e-4
3984	3984	3984	3984	42.65632528338364	40.56877078670916	5.713892134047172e-4
3992	3992	3992	3992	42.134133895179474	39.989362444983186	5.817493453802933e-4
4000	4000	4000	4000	42.22697429928843	39.9648103350718	5.867856624798334e-4
4008	4008	4008	4008	42.257156998206085	39.765839656950654	5.805343081612161e-4
4016	4016	4016	4016	42.53471338456617	39.06333039242465	5.750924985050778e-4
4024	4024	4024	4024	42.515189982356205	39.0951562420267	5.93797063268595e-4
4032	4032	4032	4032	42.8251155678579	39.35925621010807	5.912701929243689e-4
4040	4040	4040	4040	42.34331542843315	38.18489686098779	5.864333281370876e-4
4048	4048	4048	4048	42.372761168626326	38.10881419513567	6.0153645365777e-4
4056	4056	4056	4056	42.38793523495631	38.739528016459424	5.966410532085079e-4
4064	4064	4064	4064	42.530324126307555	38.91875770039336	6.058403280219519e-4
4072	4072	4072	4072	42.596050755391474	39.247176399577064	6.098307309600981e-4
4080	4080	4080	4080	42.753960474604966	39.977186908862585	6.153560894817723e-4
4088	4088	4088	4088	42.176319979724035	38.927646326074374	6.257593454324261e-4
4096	4096	4096	4096	37.8564599834656	37.40228869460463	6.30031640191012e-4
# Flush value 171798691840
